2002axis	2002value	2005axis	2005value	2008axis	2008value	2011axis	2011value	2014axis	2014value	2017axis	2017value	2020axis	2020value	2023aaxis	2023avalue	2026axis	2026value	2029axis	2029value	2576axis	2576value	2580axis	2580value	2582axis	2582value	2584axis	2584value	2586axis	2586value	2592axis	2592value
0	0.676444611	0	0.684371531	0	0.684909978	0	0.55298092	0	0.600391446	0	0.570055111	0	0.663367121	0	0.66954995	0	0.619836773	0	0.614302144	0	0.646075603	0	0.648953756	0	0.650766224	0	0.663767759	0	0.685997954	0	0.640307271
0.000649862	0.693339223	0.000649855	0.686745248	0.000649773	0.690800283	0.0006497	0.63326208	0.000649679	0.617522309	0.000649838	0.628253417	0.000649841	0.696619001	0.000649851	0.695136112	0.000649892	0.638619179	0.00064986	0.650872805	0.000649863	0.670595311	0.000649851	0.657548925	0.000649868	0.666283825	0.000649848	0.689925984	0.00064986	0.700051545	0.000649863	0.653742952
0.001299724	0.713556717	0.001299711	0.704224596	0.001299545	0.681666772	0.0012994	0.639245818	0.001299359	0.652499298	0.001299675	0.664236845	0.001299683	0.712909965	0.001299702	0.7110362	0.001299783	0.665142366	0.00129972	0.676613536	0.001299726	0.690493295	0.001299702	0.682826074	0.001299737	0.688736573	0.001299696	0.701913222	0.00129972	0.719262798	0.001299725	0.683395095
0.001949586	0.728965348	0.001949566	0.715376719	0.001949318	0.7051762	0.0019491	0.683651658	0.001949038	0.680657653	0.001949513	0.690076096	0.001949524	0.725541967	0.001949553	0.712395606	0.001949675	0.677942476	0.00194958	0.690078003	0.00194959	0.713005571	0.001949552	0.696803513	0.001949605	0.706617939	0.001949544	0.707953856	0.001949579	0.737253113	0.001949588	0.703533219
0.002599448	0.744970881	0.002599422	0.733855171	0.002599091	0.7327525	0.002598799	0.715261292	0.002598718	0.712491325	0.002599351	0.711649977	0.002599365	0.748280148	0.002599404	0.735565314	0.002599566	0.699960434	0.00259944	0.715267012	0.002599453	0.728786592	0.002599403	0.720417889	0.002599474	0.72298964	0.002599392	0.732713594	0.002599439	0.756636397	0.00259945	0.732644724
0.00324931	0.766676955	0.003249277	0.75433382	0.003248864	0.764801803	0.003248499	0.704485104	0.003248397	0.726786531	0.003249188	0.720711448	0.003249207	0.769715249	0.003249255	0.755858665	0.003249458	0.719801374	0.0032493	0.731137025	0.003249316	0.744805813	0.003249254	0.736362521	0.003249342	0.742422512	0.00324924	0.754998214	0.003249299	0.771522914	0.003249313	0.74998405
0.003899172	0.780284001	0.003899133	0.769120212	0.003898636	0.797102284	0.003898199	0.766818026	0.003898077	0.756139439	0.003899026	0.754974405	0.003899048	0.776535135	0.003899107	0.767043882	0.003899349	0.744019613	0.00389916	0.753092836	0.003899179	0.763258619	0.003899105	0.761288965	0.003899211	0.762724633	0.003899089	0.773745514	0.003899159	0.794639546	0.003899175	0.774011461
0.004549034	0.789609509	0.004548988	0.786480759	0.004548409	0.80706754	0.004547899	0.760749894	0.004547756	0.760430079	0.004548863	0.754804331	0.00454889	0.795502236	0.004548958	0.774198001	0.004549241	0.759532431	0.004549021	0.76288659	0.004549042	0.778708576	0.004548956	0.768696327	0.004549079	0.77613487	0.004548937	0.786251058	0.004549019	0.808738242	0.004549038	0.790017335
0.005198896	0.797693785	0.005198844	0.795327052	0.005198182	0.823461901	0.005197599	0.764964339	0.005197436	0.772369144	0.005198701	0.767137662	0.005198731	0.808023405	0.005198809	0.791829941	0.005199132	0.780472387	0.005198881	0.781234445	0.005198905	0.795563621	0.005198807	0.783938035	0.005198948	0.794268912	0.005198785	0.809605189	0.005198878	0.823619101	0.0051989	0.807836053
0.005848758	0.812033495	0.005848699	0.812467535	0.005847954	0.816457977	0.005847299	0.763701172	0.005847115	0.783350627	0.005848539	0.786349601	0.005848572	0.821702063	0.00584866	0.795579026	0.005849024	0.781131328	0.005848741	0.786764884	0.005848769	0.804078037	0.005848657	0.796064141	0.005848816	0.805258577	0.005848633	0.813135673	0.005848738	0.831691362	0.005848763	0.813011179
0.00649862	0.825099211	0.006498554	0.82351906	0.006497727	0.857753598	0.006496999	0.783769361	0.006496795	0.800287175	0.006498376	0.791779589	0.006498414	0.831084043	0.006498511	0.817809285	0.006498915	0.795066651	0.006498601	0.800802344	0.006498632	0.819597961	0.006498508	0.815869031	0.006498684	0.824105476	0.006498481	0.831148096	0.006498598	0.849275213	0.006498625	0.829260457
0.007148482	0.852926014	0.00714841	0.84516871	0.0071475	0.875471557	0.007146698	0.813888196	0.007146474	0.829057139	0.007148214	0.82221574	0.007148255	0.860858458	0.007148362	0.845065961	0.007148807	0.826855231	0.007148461	0.832203433	0.007148495	0.847317855	0.007148359	0.838988759	0.007148553	0.85363398	0.007148329	0.855026222	0.007148458	0.875614403	0.007148488	0.859455478
0.007798344	0.874514689	0.007798265	0.869983537	0.007797273	0.897653491	0.007796398	0.837287977	0.007796154	0.847886297	0.007798052	0.852546752	0.007798096	0.893216702	0.007798213	0.863851505	0.007798698	0.849877957	0.007798321	0.857190849	0.007798358	0.873874663	0.00779821	0.871308614	0.007798421	0.880632994	0.007798177	0.885687012	0.007798318	0.899953772	0.00779835	0.892437118
0.008448206	0.894667319	0.008448121	0.88985438	0.008447045	0.903835695	0.008446098	0.890597428	0.008445833	0.865293348	0.008447889	0.881368172	0.008447938	0.912213931	0.008448064	0.884256551	0.00844859	0.872851108	0.008448181	0.881293701	0.008448221	0.888847448	0.008448061	0.890505239	0.00844829	0.899985367	0.008448025	0.908519786	0.008448178	0.914546669	0.008448213	0.916417546
0.009098068	0.910498471	0.009097976	0.907771438	0.009096818	0.915155482	0.009095798	0.908955215	0.009095513	0.884748698	0.009097727	0.899908435	0.009097779	0.925910197	0.009097915	0.908814977	0.009098481	0.889262305	0.009098041	0.900696377	0.009098084	0.905805067	0.009097911	0.910943052	0.009098158	0.9198337	0.009097873	0.928042399	0.009098037	0.927022239	0.009098076	0.935069246
0.00974793	0.928597853	0.009747832	0.926262168	0.009746591	0.925238296	0.009745498	0.923103751	0.009745192	0.901887711	0.009747565	0.921401308	0.00974762	0.944415716	0.009747766	0.933269715	0.009748373	0.906309489	0.009747901	0.921246737	0.009747948	0.929531656	0.009747762	0.934755149	0.009748027	0.94179585	0.009747721	0.95200203	0.009747897	0.944949574	0.009747938	0.95426048
0.010397792	0.94472215	0.010397687	0.95419249	0.010396364	0.94343485	0.010395198	0.929774162	0.010394872	0.921493858	0.010397402	0.956388554	0.010397462	0.960937839	0.010397617	0.953346634	0.010398264	0.919435471	0.010397761	0.939915584	0.010397811	0.946104756	0.010397613	0.948221682	0.010397895	0.953331919	0.010397569	0.960504845	0.010397757	0.9586329	0.010397801	0.96757427
0.011047654	0.956215575	0.011047543	0.971121111	0.011046136	0.939318702	0.011044897	0.925623285	0.011044551	0.935827872	0.01104724	0.969736078	0.011047303	0.96648069	0.011047468	0.967481358	0.011048156	0.941889309	0.011047621	0.95536752	0.011047674	0.968744581	0.011047464	0.965363098	0.011047764	0.971043532	0.011047418	0.975452575	0.011047617	0.978374618	0.011047663	0.981755814
0.011697516	0.970159669	0.011697398	0.978075769	0.011695909	0.960935606	0.011694597	0.93423461	0.011694231	0.949073072	0.011697078	0.972663265	0.011697145	0.96811118	0.01169732	0.976751105	0.011698047	0.951688052	0.011697481	0.961110934	0.011697537	0.974444369	0.011697315	0.960178851	0.011697632	0.976713753	0.011697266	0.979868168	0.011697477	0.984327077	0.011697526	0.982995394
0.012347378	0.982634119	0.012347254	0.985075131	0.012345682	0.979467205	0.012344297	0.924899633	0.01234391	0.955714509	0.012346915	0.975749108	0.012346986	0.973644035	0.012347171	0.985464174	0.012347939	0.959867362	0.012347342	0.966050974	0.0123474	0.981816903	0.012347165	0.955938439	0.0123475	0.985821978	0.012347114	0.986493417	0.012347336	0.989300298	0.012347388	0.985423059
0.01299724	0.985931637	0.012997109	0.993372356	0.012995454	1	0.012993997	0.960125163	0.01299359	0.970075876	0.012996753	0.985011246	0.012996827	0.97893789	0.012997022	0.986438316	0.01299783	0.970822154	0.012997202	0.974502577	0.012997263	0.992464162	0.012997016	0.965310263	0.012997369	0.995842565	0.012996962	0.996255709	0.012997196	0.996404284	0.012997251	0.992397146
0.013647102	0.994045373	0.013646964	0.997440779	0.013645227	0.996664706	0.013643697	0.967578873	0.013643269	0.986822863	0.01364659	0.988586368	0.013646669	0.986068356	0.013646873	0.994106149	0.013647722	0.975487671	0.013647062	0.981687088	0.013647127	0.994174594	0.013646867	0.96701853	0.013647237	0.992296704	0.01364681	0.994988094	0.013647056	0.993392047	0.013647113	0.98959961
0.014296964	0.995993288	0.01429682	1	0.014295	0.992005339	0.014293397	0.984897205	0.014292949	1	0.014296428	0.993761139	0.01429651	0.989775788	0.014296724	0.999153346	0.014297613	0.984268977	0.014296922	0.990413922	0.01429699	1	0.014296718	0.986961239	0.014297106	1	0.014296658	1	0.014296916	1	0.014296976	1
0.014946826	0.997415374	0.014946675	0.998574092	0.014944773	0.983842846	0.014943097	0.983863039	0.014942628	0.997709612	0.014946266	1	0.014946351	0.994777818	0.014946575	0.997521902	0.014947505	0.987217107	0.014946782	0.993375497	0.014946853	0.994285453	0.014946569	0.991742129	0.014946974	0.993472225	0.014946506	0.997566969	0.014946776	0.998064639	0.014946838	0.991915765
0.015596688	1	0.015596531	0.990770232	0.015594545	0.98336311	0.015592796	0.992559844	0.015592308	0.997814535	0.015596103	0.999917441	0.015596193	0.998772627	0.015596426	0.994394201	0.015597397	0.992882491	0.015596642	0.99626639	0.015596716	0.987968472	0.01559642	0.991073751	0.015596843	0.987601983	0.015596354	0.994025358	0.015596635	0.994494835	0.015596701	0.990462505
0.01624655	0.998602618	0.016246386	0.986752913	0.016244318	0.986050837	0.016242496	1	0.016241987	0.994109692	0.016245941	0.993430902	0.016246034	0.997751971	0.016246277	1	0.016247288	1	0.016246502	1	0.016246579	0.990106215	0.01624627	1	0.016246711	0.990528969	0.016246202	0.999372916	0.016246495	0.999248862	0.016246563	0.997442366
0.016896412	0.998327572	0.016896242	0.988864232	0.016894091	0.981213945	0.016892196	0.959932668	0.016891667	0.98365396	0.016895779	0.992596477	0.016895876	1	0.016896128	0.994664839	0.01689718	0.996050767	0.016896362	0.994494181	0.016896442	0.982658666	0.016896121	0.992684204	0.01689658	0.9884812	0.01689605	0.98783265	0.016896355	0.993845739	0.016896426	0.987524682
0.017546274	0.991495536	0.017546097	0.983364117	0.017543863	0.962925683	0.017541896	0.954016323	0.017541346	0.976848728	0.017545616	0.98818581	0.017545717	0.992569683	0.017545979	0.985216592	0.017547071	0.996255641	0.017546222	0.990245883	0.017546306	0.984364555	0.017545972	0.990984065	0.017546448	0.991712155	0.017545898	0.986765746	0.017546215	0.997912187	0.017546288	0.986598807
0.018196136	0.989531944	0.018195953	0.983343827	0.018193636	0.957926186	0.018191596	0.958453393	0.018191026	0.964465787	0.018195454	0.988776694	0.018195558	0.992287029	0.01819583	0.977470708	0.018196963	0.987162897	0.018196082	0.983347212	0.018196169	0.977422776	0.018195823	0.976947817	0.018196316	0.985050407	0.018195747	0.977129557	0.018196075	0.987095525	0.018196151	0.977782057
0.018845998	0.986301052	0.018845808	0.979839784	0.018843409	0.952293853	0.018841296	0.952009905	0.018840705	0.952015825	0.018845292	0.982901636	0.0188454	0.992242503	0.018845682	0.974663127	0.018846854	0.981382915	0.018845942	0.978520794	0.018846032	0.969800757	0.018845674	0.967557218	0.018846185	0.976054068	0.018845595	0.968848719	0.018845935	0.975874713	0.018846014	0.962795015
0.01949586	0.984823525	0.019495663	0.97277647	0.019493182	0.948610969	0.019490996	0.958657222	0.019490385	0.951783472	0.019495129	0.981056766	0.019495241	0.990113332	0.019495533	0.975709369	0.019496746	0.977736777	0.019495802	0.977847254	0.019495895	0.965226845	0.019495524	0.965532945	0.019496053	0.972125132	0.019495443	0.968188861	0.019495794	0.970450501	0.019495876	0.952229758
0.020145722	0.983287784	0.020145519	0.970226351	0.020142954	0.946546337	0.020140695	0.963265017	0.020140064	0.944225344	0.020144967	0.98107551	0.020145082	0.986284062	0.020145384	0.974005518	0.020146637	0.973361243	0.020145663	0.97451081	0.020145758	0.949240024	0.020145375	0.958009541	0.020145922	0.961125834	0.020145291	0.95547323	0.020145654	0.961420155	0.020145739	0.937041437
0.020795584	0.979741861	0.020795374	0.958202508	0.020792727	0.945583492	0.020790395	0.966829908	0.020789744	0.943215052	0.020794805	0.985509316	0.020794924	0.981580323	0.020795235	0.973032995	0.020796529	0.974404901	0.020795523	0.976224937	0.020795622	0.946231266	0.020795226	0.950278711	0.02079579	0.95656448	0.020795139	0.955964388	0.020795514	0.95674856	0.020795601	0.934356578
0.021445446	0.974323103	0.02144523	0.948593957	0.0214425	0.928643109	0.021440095	0.958602392	0.021439423	0.926984396	0.021444642	0.978070115	0.021444765	0.978321452	0.021445086	0.963348671	0.02144642	0.965051574	0.021445383	0.967495026	0.021445485	0.93093802	0.021445077	0.935722276	0.021445659	0.943756152	0.021444987	0.939312307	0.021445374	0.943173449	0.021445464	0.921615485
0.022095308	0.96789461	0.022095085	0.937029725	0.022092273	0.916318804	0.022089795	0.950872172	0.022089103	0.918258522	0.02209448	0.975687576	0.022094606	0.973759179	0.022094937	0.957471095	0.022096312	0.959942761	0.022095243	0.963459424	0.022095348	0.921590898	0.022094928	0.925114147	0.022095527	0.93108613	0.022094835	0.926348792	0.022095234	0.931450721	0.022095326	0.90175885
0.02274517	0.957957095	0.022744941	0.926812516	0.022742045	0.914317275	0.022739495	0.953742267	0.022738782	0.915270801	0.022744317	0.953217868	0.022744448	0.969606672	0.022744788	0.954251388	0.022746203	0.95678786	0.022745103	0.958552448	0.022745211	0.913971225	0.022744779	0.924945604	0.022745395	0.923361201	0.022744683	0.920801986	0.022745093	0.922973538	0.022745189	0.895163974
0.023395032	0.951195252	0.023394796	0.919003063	0.023391818	0.907173793	0.023389195	0.937897497	0.023388462	0.908321023	0.023394155	0.944379083	0.023394289	0.960699939	0.023394639	0.954803384	0.023396095	0.94455315	0.023394963	0.950881642	0.023395074	0.900450121	0.023394629	0.902184557	0.023395264	0.907072999	0.023394531	0.914728102	0.023394953	0.906595289	0.023395051	0.877963704
0.024044894	0.93821087	0.024044652	0.908441726	0.024041591	0.904454087	0.024038894	0.909778231	0.024038141	0.902116216	0.024043993	0.937119866	0.024044131	0.948516085	0.02404449	0.953215121	0.024045986	0.940012649	0.024044823	0.946044591	0.024044937	0.894042	0.02404448	0.894293859	0.024045132	0.898902857	0.024044379	0.905185276	0.024044813	0.89844079	0.024044914	0.868792104
0.024694756	0.927755188	0.024694507	0.904464751	0.024691363	0.902778908	0.024688594	0.885528373	0.024687821	0.891057296	0.02469383	0.928328565	0.024693972	0.944393247	0.024694341	0.941560901	0.024695878	0.930385451	0.024694683	0.935904161	0.024694801	0.877668909	0.024694331	0.881350091	0.024695001	0.882421148	0.024694227	0.891880102	0.024694673	0.883393623	0.024694776	0.852098332
0.025344618	0.920745953	0.025344363	0.899664884	0.025341136	0.898795429	0.025338294	0.883103859	0.0253375	0.87917606	0.025343668	0.918167281	0.025343813	0.93599675	0.025344192	0.931272256	0.025345769	0.920264235	0.025344543	0.924888422	0.025344664	0.862013239	0.025344182	0.871307522	0.025344869	0.867366425	0.025344075	0.880887737	0.025344533	0.86709983	0.025344639	0.838082034
0.02599448	0.915382548	0.025994218	0.8938799	0.025990909	0.893951457	0.025987994	0.88467107	0.02598718	0.870979197	0.025993506	0.915005041	0.025993655	0.925947707	0.025994044	0.927436414	0.025995661	0.916791496	0.025994403	0.920016718	0.025994527	0.852535332	0.025994033	0.859457781	0.025994738	0.858830993	0.025993924	0.869648028	0.025994392	0.859788031	0.025994501	0.830980534
0.026644342	0.910123728	0.026644073	0.886106049	0.026640682	0.882299143	0.026637694	0.862473061	0.026636859	0.860918479	0.026643343	0.904660542	0.026643496	0.918479147	0.026643895	0.903761086	0.026645552	0.906764218	0.026644263	0.904502858	0.02664439	0.835772734	0.026643883	0.836651179	0.026644606	0.841489518	0.026643772	0.849026373	0.026644252	0.839422101	0.026644364	0.813842678
0.027294204	0.895990765	0.027293929	0.87160974	0.027290454	0.874556229	0.027287394	0.850748991	0.027286539	0.852045342	0.027293181	0.891599605	0.027293337	0.905432701	0.027293746	0.895081748	0.027295444	0.900908219	0.027294123	0.896507647	0.027294253	0.822618508	0.027293734	0.825417254	0.027294475	0.832033636	0.02729362	0.837439156	0.027294112	0.828596534	0.027294227	0.80101437
0.027944066	0.885638215	0.027943784	0.858775	0.027940227	0.873647221	0.027937094	0.826028521	0.027936218	0.842531522	0.027943019	0.88022316	0.027943179	0.891493446	0.027943597	0.884685652	0.027945335	0.89095793	0.027943984	0.884743876	0.027944116	0.805098873	0.027943585	0.813549861	0.027944343	0.813580718	0.027943468	0.817335552	0.027943972	0.808684649	0.027944089	0.784946809
0.028593928	0.875601312	0.02859364	0.845550005	0.02859	0.852249324	0.028586793	0.806332147	0.028585898	0.83841826	0.028592856	0.874953851	0.02859302	0.876496529	0.028593448	0.873549304	0.028595227	0.883498876	0.028593844	0.876079544	0.02859398	0.788282791	0.028593436	0.793913969	0.028594211	0.800045082	0.028593316	0.800221938	0.028593832	0.791228689	0.028593952	0.770234031
0.02924379	0.8579348	0.029243495	0.8348272	0.029239772	0.832719432	0.029236493	0.792753822	0.029235577	0.824933643	0.029242694	0.867727038	0.029242861	0.861334394	0.029243299	0.865901902	0.029245118	0.879027815	0.029243704	0.869678362	0.029243843	0.775235594	0.029243287	0.783704495	0.02924408	0.791346471	0.029243164	0.790953189	0.029243691	0.780351747	0.029243814	0.75713979
0.029893652	0.851009893	0.029893351	0.826387849	0.029889545	0.820894108	0.029886193	0.793641964	0.029885257	0.817717638	0.029892531	0.862597339	0.029892703	0.856636113	0.02989315	0.845370506	0.02989501	0.86954647	0.029893564	0.858606747	0.029893706	0.756922809	0.029893138	0.776430918	0.029893948	0.772376142	0.029893012	0.778559063	0.029893551	0.761551299	0.029893677	0.743795109
0.030543514	0.831355878	0.030543206	0.807603764	0.030539318	0.811505333	0.030535893	0.805207684	0.030534936	0.807315839	0.030542369	0.848935133	0.030542544	0.844763297	0.030543001	0.832962208	0.030544901	0.862954542	0.030543424	0.851400547	0.030543569	0.742120158	0.030542988	0.769344021	0.030543817	0.760037386	0.03054286	0.766380079	0.030543411	0.751605404	0.030543539	0.727790466
0.031193376	0.820539589	0.031193062	0.791817747	0.031189091	0.797014804	0.031185593	0.790989157	0.031184616	0.796946825	0.031192207	0.832165153	0.031192386	0.840127013	0.031192852	0.825200311	0.031194793	0.84720436	0.031193284	0.840586041	0.031193432	0.724625469	0.031192839	0.751857664	0.031193685	0.743763848	0.031192708	0.740314071	0.031193271	0.735299041	0.031193402	0.708407608
0.031843238	0.811562358	0.031842917	0.778651252	0.031838863	0.782848059	0.031835293	0.766048045	0.031834295	0.779143718	0.031842044	0.819800583	0.031842227	0.832664689	0.031842703	0.816085265	0.031844685	0.833913587	0.031843144	0.828651334	0.031843295	0.707940351	0.03184269	0.737691331	0.031843554	0.727832088	0.031842556	0.715998095	0.031843131	0.717014462	0.031843264	0.694647525
0.0324931	0.800465826	0.032492772	0.764830019	0.032488636	0.772841226	0.032484993	0.757546947	0.032483975	0.758250909	0.032491882	0.806676864	0.032492068	0.821640158	0.032492554	0.810204846	0.032494576	0.82928109	0.032493004	0.820842319	0.032493159	0.69310144	0.032492541	0.721688618	0.032493422	0.714832738	0.032492404	0.702987788	0.032492991	0.70353072	0.032493127	0.684248366
0.033142962	0.793672982	0.033142628	0.757221287	0.033138409	0.755881265	0.033134692	0.744822761	0.033133654	0.738385691	0.03314172	0.795242722	0.03314191	0.81251717	0.033142405	0.79606229	0.033144468	0.815303035	0.033142864	0.806020261	0.033143022	0.673255515	0.033142392	0.705765794	0.033143291	0.697781356	0.033142253	0.687772466	0.03314285	0.684950431	0.033142989	0.669431271
0.033792824	0.784354432	0.033792483	0.746826775	0.033788181	0.746788619	0.033784392	0.734030705	0.033783334	0.723584071	0.033791557	0.781120452	0.033791751	0.798832551	0.033792257	0.786414979	0.033794359	0.809992968	0.033792724	0.795684866	0.033792885	0.659263208	0.033792242	0.685766611	0.033793159	0.683910091	0.033792101	0.67800922	0.03379271	0.670406241	0.033792852	0.655030115
0.034442686	0.778460927	0.034442339	0.742504393	0.034437954	0.728225944	0.034434092	0.72451622	0.034433013	0.708395995	0.034441395	0.767629785	0.034441592	0.788063344	0.034442108	0.778433763	0.034444251	0.799108586	0.034442584	0.783554386	0.034442748	0.643177496	0.034442093	0.661991031	0.034443027	0.664844145	0.034441949	0.66368546	0.03444257	0.654493483	0.034442714	0.635237755
0.035092548	0.7722394	0.035092194	0.739662863	0.035087727	0.711139302	0.035083792	0.718384049	0.035082693	0.691272877	0.035091233	0.757793352	0.035091434	0.778521786	0.035091959	0.774566421	0.035094142	0.788610511	0.035092444	0.773723925	0.035092611	0.626777737	0.035091944	0.650426026	0.035092896	0.649092107	0.035091797	0.643895477	0.03509243	0.639537009	0.035092577	0.61996528
0.03574241	0.759902297	0.03574205	0.731352222	0.0357375	0.701306667	0.035733492	0.703469593	0.035732372	0.682105482	0.03574107	0.747412227	0.035741275	0.768159595	0.03574181	0.770264903	0.035744034	0.782890564	0.035742305	0.76738745	0.035742474	0.615960165	0.035741795	0.641004521	0.035742764	0.6367685	0.035741645	0.633194291	0.03574229	0.626843755	0.03574244	0.604314162
0.036392272	0.753621983	0.036391905	0.723103305	0.036387272	0.696364239	0.036383192	0.670116924	0.036382052	0.665643423	0.036390908	0.73971923	0.036391116	0.757782546	0.036391661	0.761813372	0.036393925	0.767568582	0.036392165	0.753538631	0.036392338	0.599415514	0.036391646	0.612647167	0.036392633	0.617981498	0.036391493	0.622960009	0.036392149	0.609369052	0.036392302	0.586975815
0.037042134	0.741637914	0.037041761	0.703154478	0.037037045	0.679322833	0.037032891	0.67245251	0.037031731	0.666580264	0.037040746	0.723255313	0.037040958	0.74787616	0.037041512	0.754086388	0.037043817	0.762957627	0.037042025	0.748536908	0.037042201	0.587690816	0.037041496	0.599606828	0.037042501	0.60092136	0.037041341	0.611745063	0.037042009	0.594370108	0.037042165	0.574161422
0.037691996	0.733718243	0.037691616	0.689215059	0.037686818	0.667745882	0.037682591	0.67172593	0.037681411	0.661420936	0.037690583	0.708993304	0.037690799	0.737749391	0.037691363	0.741154313	0.037693708	0.749204223	0.037691885	0.736108361	0.037692064	0.571796234	0.037691347	0.591893863	0.03769237	0.578581619	0.037691189	0.594752149	0.037691869	0.578329911	0.037692027	0.556175344
0.038341857	0.724555622	0.038341472	0.677592658	0.038336591	0.654587076	0.038332291	0.650630991	0.03833109	0.654221324	0.038340421	0.698744851	0.038340641	0.727407697	0.038341214	0.734776235	0.0383436	0.74097547	0.038341745	0.727952612	0.038341927	0.555901681	0.038341198	0.572087851	0.038342238	0.562349284	0.038341037	0.578306436	0.038341729	0.560900924	0.03834189	0.548229472
0.038991719	0.716692845	0.038991327	0.659395046	0.038986363	0.643430702	0.038981991	0.643514951	0.03898077	0.650098009	0.038990258	0.691013806	0.038990482	0.715335685	0.038991065	0.728738271	0.038993491	0.739734708	0.038991605	0.723981954	0.03899179	0.544859362	0.038991049	0.553387027	0.038992107	0.554865004	0.038990885	0.565398709	0.038991589	0.548563789	0.038991752	0.539063424
0.039641581	0.704199768	0.039641182	0.651314187	0.039636136	0.61980172	0.039631691	0.6296195	0.039630449	0.637886106	0.039640096	0.680807322	0.039640323	0.705201029	0.039640916	0.714838092	0.039643383	0.728750472	0.039641465	0.712558955	0.039641654	0.528103506	0.0396409	0.536745902	0.039641975	0.545742631	0.039640733	0.551118753	0.039641448	0.53374321	0.039641615	0.521526226
0.040291443	0.695047188	0.040291038	0.637374389	0.040285909	0.614529379	0.040281391	0.605674773	0.040280129	0.63401104	0.040289934	0.66875321	0.040290165	0.694256562	0.040290767	0.703627368	0.040293274	0.720256236	0.040291325	0.702409033	0.040291517	0.515736727	0.040290751	0.526074535	0.040291843	0.540102707	0.040290582	0.539964427	0.040291308	0.521151324	0.040291477	0.508181167
0.040941305	0.688336998	0.040940893	0.631985917	0.040935681	0.60632968	0.040931091	0.583499244	0.040929808	0.623344871	0.040939771	0.658428446	0.040940006	0.681022017	0.040940619	0.688167538	0.040943166	0.705994775	0.040941185	0.686338219	0.04094138	0.503165544	0.040940601	0.516930275	0.040941712	0.526969596	0.04094043	0.525439797	0.040941168	0.509379825	0.04094134	0.49005253
0.041591167	0.681421471	0.041590749	0.627757874	0.041585454	0.59044347	0.04158079	0.577501574	0.041579488	0.61317538	0.041589609	0.649253736	0.041589847	0.671284655	0.04159047	0.678491439	0.041593057	0.699419093	0.041591045	0.677216002	0.041591243	0.492154407	0.041590452	0.508038723	0.04159158	0.513968882	0.041590278	0.509123812	0.041591028	0.497639672	0.041591202	0.48277007
0.042241029	0.673983769	0.042240604	0.623878605	0.042235227	0.57310969	0.04223049	0.564129346	0.042229167	0.604310303	0.042239447	0.639411357	0.042239689	0.661838064	0.042240321	0.666710956	0.042242949	0.687440463	0.042240905	0.665133886	0.042241106	0.482005138	0.042240303	0.494267982	0.042241449	0.499879024	0.042240126	0.49441195	0.042240888	0.48368568	0.042241065	0.470993158
0.042890891	0.658945567	0.04289046	0.620360292	0.042885	0.573074147	0.04288019	0.564450156	0.042878847	0.593870148	0.042889284	0.623235104	0.04288953	0.652450764	0.042890172	0.651073894	0.04289284	0.679416364	0.042890765	0.65326033	0.042890969	0.471619391	0.042890154	0.489508595	0.042891317	0.488429695	0.042889974	0.479399786	0.042890748	0.471174939	0.042890927	0.460822857
0.043540753	0.651289845	0.043540315	0.611527037	0.043534772	0.572861839	0.04352989	0.555277166	0.043528526	0.592275009	0.043539122	0.617314716	0.043539372	0.643403851	0.043540023	0.645819584	0.043542732	0.66815318	0.043540626	0.645395919	0.043540833	0.459765451	0.043540005	0.472151959	0.043541186	0.471541341	0.043539822	0.469293864	0.043540607	0.456932535	0.04354079	0.446642102
0.044190615	0.634850341	0.044190171	0.603865066	0.044184545	0.56215132	0.04417959	0.54728361	0.044178206	0.589737504	0.04418896	0.606230459	0.044189213	0.633672083	0.044189874	0.628933498	0.044192623	0.653846162	0.044190486	0.633047975	0.044190696	0.449229199	0.044189855	0.455273442	0.044191054	0.461082812	0.04418967	0.458634893	0.044190467	0.443008924	0.044190652	0.438601538
0.044840477	0.620698751	0.044840026	0.595972508	0.044834318	0.550691975	0.04482929	0.536030624	0.044827885	0.587349664	0.044838797	0.594784855	0.044839054	0.623621802	0.044839725	0.615193006	0.044842515	0.643663409	0.044840346	0.622813802	0.044840559	0.439053737	0.044839706	0.447541885	0.044840923	0.447712961	0.044839518	0.449917317	0.044840327	0.430523838	0.044840515	0.427946543
0.045490339	0.605885746	0.045489881	0.59415862	0.04548409	0.542488617	0.04547899	0.524178522	0.045477565	0.575806475	0.045488635	0.582949422	0.045488896	0.609765499	0.045489576	0.609551725	0.045492406	0.631637634	0.045490206	0.611899886	0.045490422	0.424097969	0.045489557	0.433687099	0.045490791	0.429907973	0.045489366	0.441450392	0.045490187	0.416886164	0.045490378	0.417092666
0.046140201	0.592414022	0.046139737	0.584873765	0.046133863	0.535318383	0.046128689	0.49469016	0.046127244	0.569534285	0.046138472	0.582887761	0.046138737	0.597657123	0.046139427	0.600566311	0.046142298	0.622843482	0.046140066	0.604289257	0.046140285	0.414953827	0.046139408	0.422318966	0.046140659	0.419098061	0.046139214	0.43384289	0.046140047	0.405802791	0.04614024	0.399435249
0.046790063	0.574655784	0.046789592	0.578650645	0.046783636	0.524716916	0.046778389	0.487954671	0.046776924	0.55362886	0.04678831	0.57562109	0.046788578	0.585896654	0.046789278	0.588586065	0.04679219	0.609948727	0.046789926	0.593069947	0.046790148	0.399876181	0.046789259	0.410761452	0.046790528	0.404034005	0.046789062	0.418631795	0.046789906	0.393064978	0.046790103	0.379811006
0.047439925	0.562560921	0.047439448	0.568083857	0.047433409	0.508445008	0.047428089	0.477189818	0.047426603	0.537344044	0.047438148	0.562481299	0.04743842	0.574879598	0.047439129	0.574066427	0.047442081	0.598242158	0.047439786	0.579968655	0.047440012	0.390670031	0.04743911	0.392672775	0.047440396	0.392475698	0.047438911	0.405230272	0.047439766	0.384656209	0.047439965	0.362265478
0.048089787	0.552548809	0.048089303	0.558860631	0.048083181	0.498093625	0.048077789	0.472356139	0.048076283	0.523459159	0.048087985	0.547969674	0.048088261	0.564756498	0.048088981	0.564071433	0.048091973	0.586277346	0.048089646	0.567980259	0.048089875	0.381487847	0.04808896	0.380027513	0.048090265	0.380325328	0.048088759	0.386362844	0.048089626	0.37541699	0.048089828	0.359211159
0.048739649	0.543646748	0.048739159	0.550292049	0.048732954	0.483404902	0.048727489	0.468318393	0.048725962	0.508660302	0.048737823	0.534591082	0.048738102	0.551980234	0.048738832	0.555621871	0.048741864	0.576349129	0.048739506	0.556696581	0.048739738	0.3697121	0.048738811	0.371627396	0.048740133	0.370244905	0.048738607	0.371132359	0.048739486	0.364828171	0.04873969	0.356891754
0.049389511	0.540747135	0.049389014	0.533404814	0.049382727	0.473972948	0.049377189	0.460615658	0.049375642	0.49630272	0.049387661	0.525962228	0.049387944	0.542541438	0.049388683	0.551793992	0.049391756	0.562108327	0.049389366	0.546644772	0.049389601	0.359586915	0.049388662	0.357865662	0.049390002	0.36272133	0.049388455	0.354760108	0.049389346	0.352178865	0.049389553	0.346245594
0.050039373	0.528776673	0.05003887	0.513422469	0.050032499	0.468413055	0.050026888	0.442288804	0.050025321	0.487510595	0.050037498	0.516470553	0.050037785	0.534264305	0.050038534	0.540884969	0.050041647	0.555226681	0.050039226	0.53921925	0.050039464	0.34939904	0.050038513	0.345078123	0.05003987	0.353434384	0.050038303	0.34238515	0.050039205	0.343353408	0.050039415	0.340594862
0.050689235	0.519617708	0.050688725	0.495820099	0.050682272	0.457663924	0.050676588	0.437866506	0.050675001	0.477588493	0.050687336	0.502086429	0.050687627	0.524094707	0.050688385	0.523995077	0.050691539	0.54284369	0.050689086	0.525922671	0.050689327	0.335478392	0.050688364	0.328060635	0.050689739	0.340646021	0.050688151	0.330726156	0.050689065	0.330330463	0.050689278	0.330065166
0.051339097	0.515244135	0.051338581	0.481104295	0.051332045	0.448839171	0.051326288	0.422994805	0.05132468	0.466765776	0.051337174	0.489758614	0.051337468	0.51185633	0.051338236	0.510548587	0.05134143	0.528638822	0.051338947	0.511206365	0.051339191	0.32429712	0.051338214	0.322761469	0.051339607	0.329549833	0.051337999	0.327624843	0.051338925	0.319797474	0.05133914	0.322250998
0.051988959	0.502154904	0.051988436	0.474411704	0.051981818	0.443944702	0.051975988	0.413946998	0.05197436	0.459967654	0.051987011	0.476416476	0.051987309	0.499902534	0.051988087	0.498158183	0.051991322	0.519647125	0.051988807	0.50012988	0.051989054	0.317254788	0.051988065	0.320353918	0.051989475	0.321376844	0.051987847	0.325488872	0.051988785	0.312446935	0.051989003	0.314507577
0.052638821	0.497445561	0.052638291	0.47204927	0.05263159	0.440964824	0.052625688	0.417002353	0.052624039	0.447220102	0.052636849	0.46465925	0.052637151	0.492022877	0.052637938	0.492680002	0.052641213	0.504311061	0.052638667	0.487818784	0.052638917	0.305546096	0.052637916	0.303019895	0.052639344	0.310989785	0.052637695	0.315385548	0.052638645	0.300754003	0.052638865	0.303742179
0.053288683	0.483089425	0.053288147	0.469464041	0.053281363	0.422876144	0.053275388	0.412856883	0.053273719	0.4415993	0.053286687	0.450008618	0.053286992	0.482868111	0.053287789	0.48764243	0.053291105	0.499213327	0.053288527	0.481802364	0.05328878	0.299338192	0.053287767	0.295567229	0.053289212	0.305914445	0.053287543	0.309327319	0.053288504	0.295787665	0.053288728	0.294250916
0.053938545	0.47686649	0.053938002	0.461661187	0.053931136	0.407995051	0.053925088	0.407385401	0.053923398	0.432882302	0.053936524	0.441386184	0.053936833	0.476184417	0.05393764	0.473868076	0.053940996	0.488649963	0.053938387	0.470930181	0.053938643	0.291767593	0.053937618	0.286287028	0.053939081	0.294229275	0.053937391	0.299215882	0.053938364	0.287704573	0.053938591	0.275413747
0.054588407	0.465249986	0.054587858	0.451185396	0.054580909	0.396908917	0.054574787	0.40619476	0.054573078	0.426948277	0.054586362	0.435023053	0.054586675	0.468119595	0.054587491	0.458125095	0.054590888	0.479945247	0.054588247	0.461830003	0.054588506	0.283548497	0.054587469	0.279818407	0.054588949	0.282090373	0.05458724	0.295942411	0.054588224	0.278873206	0.054588453	0.256579753
0.055238269	0.45425086	0.055237713	0.439481934	0.055230681	0.396885638	0.055224487	0.40798939	0.055222757	0.418540947	0.055236199	0.425417613	0.055236516	0.455752643	0.055237342	0.45413709	0.055240779	0.476319062	0.055238107	0.456522444	0.05523837	0.279481846	0.055237319	0.278813632	0.055238818	0.275896021	0.055237088	0.289673453	0.055238084	0.275122916	0.055238316	0.253519032
0.055888131	0.452082503	0.055887569	0.433264788	0.055880454	0.39283648	0.055874187	0.39502365	0.055872437	0.404409992	0.055886037	0.42073887	0.055886357	0.450234302	0.055887194	0.438299084	0.055890671	0.462639643	0.055887967	0.442597143	0.055888233	0.266682577	0.05588717	0.268213789	0.055888686	0.263976799	0.055886936	0.276438013	0.055887944	0.263615615	0.055888178	0.259270489
0.056537993	0.442227247	0.056537424	0.423695026	0.056530227	0.382152462	0.056523887	0.38093418	0.056522116	0.396717102	0.056535875	0.410816776	0.056536199	0.439975166	0.056537045	0.441190446	0.056540562	0.455631656	0.056537827	0.438150868	0.056538096	0.263729275	0.056537021	0.262898108	0.056538554	0.260731516	0.056536784	0.263299002	0.056537804	0.258453786	0.056538041	0.262073935
0.057187855	0.435265297	0.05718728	0.417822642	0.057179999	0.377300079	0.057173587	0.367398935	0.057171796	0.385156918	0.057185712	0.405531464	0.05718604	0.430479019	0.057186896	0.434395219	0.057190454	0.445826777	0.057187687	0.428867959	0.057187959	0.253114781	0.057186872	0.25502798	0.057188423	0.255322485	0.057186632	0.25045844	0.057187663	0.24770349	0.057187903	0.259432141
0.057837717	0.430333635	0.057837135	0.410220309	0.057829772	0.371659853	0.057823287	0.358514967	0.057821475	0.374282704	0.05783555	0.401507523	0.057835882	0.421444707	0.057836747	0.418979712	0.057840345	0.436566056	0.057837547	0.417331503	0.057837822	0.24402282	0.057836723	0.246698661	0.057838291	0.248415856	0.05783648	0.242346807	0.057837523	0.241689976	0.057837766	0.248398132
0.058487579	0.425317306	0.05848699	0.397726122	0.058479545	0.363038005	0.058472987	0.355408451	0.058471155	0.367172107	0.058485388	0.396351281	0.058485723	0.41351299	0.058486598	0.414532094	0.058490237	0.43254467	0.058487407	0.412895272	0.058487686	0.241632206	0.058486573	0.241656355	0.05848816	0.244439545	0.058486328	0.241295466	0.058487383	0.238039101	0.058487628	0.244125339
0.059137441	0.421201369	0.059136846	0.396913049	0.059129318	0.356097569	0.059122686	0.338267696	0.059120834	0.349494025	0.059135225	0.390785325	0.059135564	0.406511525	0.059136449	0.400238548	0.059140128	0.42371545	0.059137268	0.400297187	0.059137549	0.22953954	0.059136424	0.238101502	0.059138028	0.226047439	0.059136176	0.232067494	0.059137243	0.228680183	0.059137491	0.243472828
0.059787303	0.414709917	0.059786701	0.389117505	0.05977909	0.350785574	0.059772386	0.339493577	0.059770514	0.345961856	0.059785063	0.38198086	0.059785406	0.401811451	0.0597863	0.401577903	0.05979002	0.420408437	0.059787128	0.398418538	0.059787412	0.227474668	0.059786275	0.229188134	0.059787897	0.22180693	0.059786024	0.234305652	0.059787103	0.227315175	0.059787353	0.235365667
0.060437165	0.407225661	0.060436557	0.385477053	0.060428863	0.345811276	0.060422086	0.319546303	0.060420193	0.335305065	0.060434901	0.374849515	0.060435247	0.397254327	0.060436151	0.395341248	0.060439911	0.409148506	0.060436988	0.389358774	0.060437275	0.222635935	0.060436126	0.219277188	0.060437765	0.215102735	0.060435872	0.2323187	0.060436962	0.221127829	0.060437216	0.223348645
0.061087027	0.40065425	0.061086412	0.381472169	0.061078636	0.342491382	0.061071786	0.319605322	0.061069873	0.323385984	0.061084738	0.366027663	0.061085088	0.387821048	0.061086002	0.384217714	0.061089803	0.398217424	0.061086848	0.377624744	0.061087138	0.218640022	0.061085977	0.213095293	0.061087634	0.21025736	0.06108572	0.224191716	0.061086822	0.21540826	0.061087078	0.21214328
0.061736889	0.397755144	0.061736268	0.36987562	0.061728408	0.339716694	0.061721486	0.316402459	0.061719552	0.319557348	0.061734576	0.358654161	0.06173493	0.373291276	0.061735853	0.382085115	0.061739695	0.394094056	0.061736708	0.371526879	0.061737001	0.217622357	0.061735827	0.204141086	0.061737502	0.207993017	0.061735569	0.218839308	0.061736682	0.212201953	0.061736941	0.202923277
0.062386751	0.385797443	0.062386123	0.363792227	0.062378181	0.336954982	0.062371186	0.321366766	0.062369232	0.305315492	0.062384414	0.351016581	0.062384771	0.364982594	0.062385704	0.372718601	0.062389586	0.384646887	0.062386568	0.362601507	0.062386865	0.209244726	0.062385678	0.196686685	0.06238737	0.198194179	0.062385417	0.21131017	0.062386542	0.205739601	0.062386804	0.206732538
0.063036613	0.383120708	0.063035979	0.352434211	0.063027954	0.337640744	0.063020885	0.315341091	0.063018911	0.301199716	0.063034251	0.345690972	0.063034613	0.356048793	0.063035556	0.367630047	0.063039478	0.377612175	0.063036428	0.355796239	0.063036728	0.205353148	0.063035529	0.194690112	0.063037239	0.197371436	0.063035265	0.205561911	0.063036402	0.201628164	0.063036666	0.202767449
0.063686475	0.374545338	0.063685834	0.343837454	0.063677727	0.337633963	0.063670585	0.312828547	0.063668591	0.297089783	0.063684089	0.336921814	0.063684454	0.350241863	0.063685407	0.362199992	0.063689369	0.367826561	0.063686288	0.348838249	0.063686591	0.199821631	0.06368538	0.195203723	0.063687107	0.192211282	0.063685113	0.193550091	0.063686261	0.198497074	0.063686529	0.196901428
0.064336337	0.368565598	0.064335689	0.337093478	0.064327499	0.33555979	0.064320285	0.30952912	0.06431827	0.291723297	0.064333926	0.331123171	0.064334295	0.344464736	0.064335258	0.357467189	0.064339261	0.361771714	0.064336148	0.343436511	0.064336454	0.193853399	0.064335231	0.192597533	0.064336976	0.184876841	0.064334961	0.184050092	0.064336121	0.194195688	0.064336391	0.191652458
0.064986199	0.363157299	0.064985545	0.331397923	0.064977272	0.332783799	0.064969985	0.302079812	0.06496795	0.295071766	0.064983764	0.325696371	0.064984137	0.338337793	0.064985109	0.348490174	0.064989152	0.357038211	0.064986008	0.337739383	0.064986317	0.189871216	0.064985082	0.18094315	0.064986844	0.18131499	0.064984809	0.187630694	0.064985981	0.189978129	0.064986254	0.184935863
0.065636061	0.354002086	0.0656354	0.327795411	0.065627045	0.326244753	0.065619685	0.297510404	0.065617629	0.286640789	0.065633602	0.31868344	0.065633978	0.333038633	0.06563496	0.342294478	0.065639044	0.344648947	0.065635868	0.329202985	0.06563618	0.186226228	0.065634932	0.175007648	0.065636713	0.17594535	0.065634657	0.179708607	0.065635841	0.187895775	0.065636116	0.184398579
0.066285923	0.346417274	0.066285256	0.322002524	0.066276818	0.316312037	0.066269385	0.308776075	0.066267309	0.285247781	0.066283439	0.309529818	0.066283819	0.326317749	0.066284811	0.33094714	0.066288935	0.339362426	0.066285728	0.322425141	0.066286044	0.18128011	0.066284783	0.174254159	0.066286581	0.171618389	0.066284505	0.176216272	0.066285701	0.181400749	0.066285979	0.178145216
0.066935785	0.338434038	0.066935111	0.320751704	0.06692659	0.310432537	0.066919085	0.309433817	0.066916988	0.280945702	0.066933277	0.305754736	0.066933661	0.314238303	0.066934662	0.327197236	0.066938827	0.332583102	0.066935589	0.316058727	0.066935907	0.178405699	0.066934634	0.17209277	0.06693645	0.168020305	0.066934353	0.1805064	0.066935561	0.176371987	0.066935841	0.175091346
0.067585647	0.33360209	0.067584967	0.317537612	0.067576363	0.307285136	0.067568784	0.301438406	0.067566668	0.278465522	0.067583115	0.300367091	0.067583502	0.302445905	0.067584513	0.322574412	0.067588718	0.325591329	0.067585449	0.308502378	0.06758577	0.172190483	0.067584485	0.167133723	0.067586318	0.164942349	0.067584201	0.18282481	0.06758542	0.171130383	0.067585704	0.170277382
0.068235509	0.329471938	0.068234822	0.311294316	0.068226136	0.299250332	0.068218484	0.280004654	0.068216347	0.27398788	0.068232952	0.295451063	0.068233343	0.292831267	0.068234364	0.310713875	0.06823861	0.322521993	0.068235309	0.300413652	0.068235633	0.166518976	0.068234336	0.156220254	0.068236186	0.16590228	0.068234049	0.180484816	0.06823528	0.163493775	0.068235566	0.165079592
0.068885371	0.323541179	0.068884678	0.304097109	0.068875908	0.2894565	0.068868184	0.271717826	0.068866027	0.272212796	0.06888279	0.290922823	0.068883185	0.288076702	0.068884215	0.308702272	0.068888501	0.318732995	0.068885169	0.29785997	0.068885496	0.164090582	0.068884186	0.147495155	0.068886055	0.165636195	0.068883898	0.178646569	0.06888514	0.162443901	0.068885429	0.157800508
0.069535233	0.313081851	0.069534533	0.297480265	0.069525681	0.286540913	0.069517884	0.268306506	0.069515706	0.266151472	0.069532628	0.285956695	0.069533026	0.27267017	0.069534066	0.293846159	0.069538393	0.30990411	0.069535029	0.286459362	0.069535359	0.158897845	0.069534037	0.146721105	0.069535923	0.162137366	0.069533746	0.172281341	0.069535	0.157963476	0.069535291	0.149775894
0.070185095	0.305790739	0.070184389	0.292266312	0.070175454	0.281591956	0.070167584	0.25002721	0.070165386	0.266089079	0.070182465	0.277102721	0.070182868	0.265118721	0.070183918	0.291945406	0.070188284	0.298897453	0.070184889	0.279214283	0.070185223	0.154725785	0.070183888	0.151019627	0.070185792	0.156224034	0.070183594	0.174873319	0.07018486	0.153873607	0.070185154	0.144776566
0.070834957	0.299050641	0.070834244	0.288799437	0.070825227	0.279271101	0.070817284	0.228096016	0.070815065	0.26390894	0.070832303	0.269824838	0.070832709	0.263672071	0.070833769	0.289505755	0.070838176	0.290526543	0.070834749	0.27395078	0.070835086	0.14902589	0.070833739	0.146633415	0.07083566	0.148918036	0.070833442	0.172195548	0.070834719	0.150551692	0.070835016	0.142203874
0.071484819	0.286852862	0.071484099	0.285181461	0.071474999	0.274989849	0.071466984	0.231595216	0.071464745	0.255218253	0.07148214	0.26573996	0.07148255	0.263088415	0.07148362	0.280472566	0.071488067	0.285910918	0.071484609	0.270089105	0.071484949	0.146339862	0.07148359	0.142238251	0.071485529	0.141524099	0.07148329	0.155318549	0.071484579	0.145175806	0.071484879	0.141165249
0.072134681	0.280644648	0.072133955	0.281523705	0.072124772	0.267454501	0.072116683	0.235287468	0.072114424	0.257047597	0.072131978	0.259597959	0.072132392	0.264756975	0.072133471	0.278711301	0.072137959	0.28328076	0.072134469	0.269796403	0.072134812	0.140921573	0.072133441	0.137888368	0.072135397	0.135202676	0.072133138	0.153797983	0.072134439	0.142073146	0.072134742	0.138117289
0.072784543	0.268829314	0.07278381	0.278440414	0.072774545	0.262741715	0.072766383	0.242423093	0.072764104	0.246067853	0.072781816	0.253713775	0.072782233	0.265628613	0.072783322	0.269887846	0.07278785	0.280516085	0.072784329	0.266546349	0.072784675	0.138588631	0.072783291	0.135002568	0.072785266	0.13044488	0.072782986	0.139947974	0.072784299	0.136484064	0.072784604	0.140057342
0.073434405	0.261502221	0.073433666	0.272900946	0.073424317	0.258888756	0.073416083	0.238168756	0.073413783	0.243338125	0.073431653	0.246955558	0.073432074	0.263117593	0.073433173	0.266920927	0.073437742	0.277200331	0.073434189	0.263920696	0.073434539	0.135842549	0.073433142	0.134543125	0.073435134	0.127678441	0.073432834	0.138785193	0.073434159	0.133402742	0.073434467	0.133789306
0.074084267	0.257025689	0.074083521	0.269292684	0.07407409	0.25500743	0.074065783	0.231019657	0.074063463	0.242178277	0.074081491	0.240855108	0.074081916	0.259249286	0.074083024	0.266280406	0.074087633	0.273662245	0.074084049	0.261115152	0.074084402	0.132663582	0.074082993	0.127766351	0.074085002	0.126518753	0.074082682	0.136547484	0.074084018	0.132157258	0.074084329	0.12691165
0.074734129	0.255085203	0.074733377	0.266089946	0.074723863	0.250817245	0.074715483	0.230191574	0.074713142	0.230262543	0.074731329	0.236453683	0.074731757	0.247787553	0.074732875	0.254509256	0.074737525	0.26642978	0.07473391	0.250057933	0.074734265	0.131347705	0.074732844	0.122801959	0.074734871	0.12531688	0.07473253	0.130633131	0.074733878	0.129319242	0.074734192	0.121873416
0.075383991	0.249530274	0.075383232	0.256230617	0.075373636	0.244527874	0.075365183	0.233170073	0.075362822	0.231042266	0.075381166	0.229970428	0.075381598	0.24129376	0.075382726	0.252937653	0.075387416	0.265697961	0.07538377	0.248841622	0.075384128	0.126733334	0.075382695	0.118995423	0.075384739	0.122113571	0.075382378	0.134524951	0.075383738	0.123363722	0.075384054	0.113462568
0.076033853	0.24589898	0.076033088	0.247776058	0.076023408	0.234878405	0.076014882	0.221912581	0.076012501	0.217203806	0.076031004	0.224307408	0.07603144	0.233142908	0.076032577	0.243938308	0.076037308	0.258613856	0.07603363	0.239835343	0.076033991	0.123117268	0.076032545	0.110665031	0.076034608	0.116715223	0.076032226	0.132147101	0.076033598	0.118988573	0.076033917	0.111103973
0.076683715	0.241136679	0.076682943	0.238132925	0.076673181	0.221326668	0.076664582	0.211814816	0.076662181	0.209566368	0.076680842	0.215853669	0.076681281	0.231775657	0.076682428	0.240646294	0.076687199	0.254864751	0.07668349	0.236437589	0.076683854	0.119672441	0.076682396	0.105313658	0.076684476	0.115800873	0.076682075	0.13162418	0.076683458	0.114155443	0.076683779	0.10706001
0.077333577	0.23638551	0.077332798	0.229457198	0.077322954	0.211725234	0.077314282	0.212700261	0.07731186	0.205175549	0.077330679	0.208789254	0.077331123	0.234894999	0.077332279	0.232136034	0.077337091	0.25370246	0.07733335	0.234213216	0.077333718	0.117353581	0.077332247	0.105811373	0.077334345	0.115522445	0.077331923	0.125931436	0.077333317	0.11379194	0.077333642	0.10098678
0.077983439	0.231644677	0.077982654	0.221884741	0.077972726	0.203963612	0.077963982	0.205812547	0.07796154	0.193721968	0.077980517	0.202522807	0.077980964	0.245695814	0.077982131	0.227605986	0.077986983	0.245747993	0.07798321	0.231416696	0.077983581	0.112943543	0.077982098	0.108703583	0.077984213	0.109707047	0.077981771	0.122980694	0.077983177	0.113171797	0.077983504	0.099144559
0.078633301	0.225930211	0.078632509	0.21530276	0.078622499	0.194289344	0.078613682	0.202723216	0.078611219	0.189631172	0.078630355	0.201248673	0.078630805	0.239335081	0.078631982	0.223633179	0.078636874	0.249035623	0.07863307	0.231119161	0.078633444	0.112793383	0.078631949	0.104268616	0.078634082	0.110556676	0.078631619	0.118288143	0.078633037	0.107667005	0.078633367	0.09084186
0.079283163	0.218320203	0.079282365	0.208379315	0.079272272	0.190986941	0.079263382	0.202466333	0.079260899	0.179085853	0.079280192	0.196056003	0.079280647	0.239189998	0.079281833	0.224074199	0.079286766	0.23987653	0.07928293	0.227617172	0.079283307	0.109129668	0.079281799	0.100038995	0.07928395	0.107619428	0.079281467	0.117535337	0.079282897	0.106389389	0.079283229	0.09267146
0.079933025	0.21560436	0.07993222	0.204016522	0.079922045	0.184902959	0.079913082	0.196436034	0.079910578	0.176208617	0.07993003	0.190329603	0.079930488	0.232565549	0.079931684	0.213158115	0.079936657	0.229747792	0.07993279	0.217748903	0.07993317	0.106654486	0.07993165	0.093623888	0.079933818	0.107403029	0.079931315	0.111093165	0.079932757	0.102261529	0.079933092	0.090943541
0.080582887	0.211748809	0.080582076	0.20279261	0.080571817	0.18080292	0.080562781	0.196941509	0.080560258	0.173795341	0.080579867	0.188339376	0.080580329	0.221051252	0.080581535	0.203804088	0.080586549	0.224535469	0.08058265	0.209987811	0.080583033	0.103516789	0.080581501	0.092031366	0.080583687	0.105889304	0.080581163	0.100483313	0.080582617	0.098464847	0.080582955	0.088594485
0.081232749	0.207665225	0.081231931	0.199706987	0.08122159	0.176600171	0.081212481	0.200165756	0.081209937	0.167743654	0.081229705	0.179693717	0.081230171	0.214484704	0.081231386	0.203144624	0.08123644	0.214595187	0.08123251	0.203133536	0.081232897	0.0979485	0.081231352	0.091329698	0.081233555	0.097155764	0.081231011	0.096616507	0.081232476	0.096380879	0.081232817	0.094007452
0.081882611	0.204845973	0.081881787	0.196649395	0.081871363	0.16830328	0.081862181	0.194271743	0.081859617	0.161670533	0.081879543	0.174393121	0.081880012	0.196739679	0.081881237	0.190073003	0.081886332	0.222348245	0.08188237	0.196741911	0.08188276	0.095952887	0.081881203	0.087651403	0.081883424	0.099083879	0.081880859	0.08113776	0.081882336	0.09210022	0.08188268	0.088478839
0.082532473	0.19692842	0.082531642	0.191228051	0.082521136	0.168865364	0.082511881	0.19217101	0.082509296	0.158472662	0.08252938	0.164652588	0.082529853	0.192553381	0.082531088	0.194428212	0.082536223	0.214518548	0.082532231	0.193726207	0.082532623	0.089751344	0.082531054	0.088207321	0.082533292	0.092793222	0.082530707	0.081693652	0.082532196	0.089817408	0.082532542	0.092611802
0.083182335	0.192184962	0.083181498	0.186270243	0.083170908	0.166199723	0.083161581	0.188375639	0.083158976	0.154662202	0.083179218	0.161044296	0.083179695	0.186103441	0.083180939	0.182998081	0.083186115	0.203025439	0.083182091	0.183871208	0.083182486	0.088912075	0.083180904	0.085549968	0.083183161	0.096429974	0.083180555	0.078759477	0.083182056	0.086354388	0.083182405	0.086431327
0.083832197	0.18868824	0.083831353	0.181056405	0.083820681	0.162643639	0.083811281	0.186739128	0.083808655	0.154350914	0.083829056	0.15842393	0.083829536	0.178282429	0.08383079	0.171233571	0.083836006	0.195879735	0.083831951	0.175795642	0.083832349	0.087689637	0.083830755	0.083901557	0.083833029	0.097946093	0.083830404	0.073296567	0.083831916	0.083069856	0.083832267	0.076691324
0.084482059	0.183651469	0.084481208	0.173611767	0.084470454	0.16243029	0.084460981	0.182592741	0.084458335	0.150172071	0.084478893	0.158079487	0.084479378	0.182830583	0.084480641	0.180367583	0.084485898	0.19085962	0.084481811	0.179004852	0.084482212	0.083530887	0.084480606	0.080919908	0.084482898	0.09182532	0.084480252	0.07997153	0.084481775	0.082922313	0.08448213	0.078215991
0.085131921	0.179617724	0.085131064	0.169821196	0.085120226	0.162682427	0.08511068	0.180770096	0.085108014	0.146560958	0.085128731	0.157359404	0.085129219	0.182714798	0.085130493	0.168175547	0.085135789	0.186946732	0.085131671	0.173837299	0.085132076	0.083987149	0.085130457	0.080118069	0.085132766	0.091425031	0.0851301	0.077202238	0.085131635	0.081496027	0.085131992	0.077869514
0.085781783	0.175244214	0.085780919	0.169910857	0.085769999	0.159142242	0.08576038	0.178624365	0.085757694	0.149419089	0.085778569	0.155525315	0.08577906	0.177765612	0.085780344	0.169429335	0.085785681	0.187053495	0.085781531	0.173882114	0.085781939	0.081904467	0.085780308	0.076581966	0.085782634	0.086725305	0.085779948	0.080768344	0.085781495	0.080893011	0.085781855	0.072317236
0.086431645	0.172892277	0.086430775	0.171436126	0.086419772	0.156176971	0.08641008	0.17901984	0.086407373	0.146719036	0.086428406	0.153417923	0.086428902	0.17605337	0.086430195	0.165086945	0.086435572	0.185398138	0.086431391	0.17103161	0.086431802	0.081743233	0.086430158	0.07700538	0.086432503	0.085617847	0.086429796	0.079593633	0.086431355	0.080369989	0.086431717	0.072190873
0.087081507	0.170814752	0.08708063	0.173212353	0.087069545	0.153035566	0.08705978	0.177837052	0.087057053	0.143759455	0.087078244	0.151595852	0.087078743	0.174263151	0.087080046	0.160841886	0.087085464	0.183546429	0.087081251	0.168015285	0.087081665	0.081763828	0.087080009	0.078154149	0.087082371	0.084881456	0.087079644	0.078219594	0.087081215	0.079889133	0.08708158	0.071554113
0.087731369	0.168802655	0.087730486	0.176050294	0.087719317	0.150464328	0.08770948	0.170134624	0.087706732	0.143593338	0.087728081	0.151119844	0.087728584	0.169394584	0.087729897	0.164474661	0.087735355	0.182325531	0.087731111	0.167322738	0.087731528	0.080922356	0.08772986	0.079619277	0.08773224	0.08400612	0.087729492	0.078715568	0.087731074	0.079730859	0.087731442	0.067311606
0.088381231	0.164991602	0.088380341	0.175250135	0.08836909	0.148706407	0.08835918	0.171492112	0.088356412	0.136016336	0.088377919	0.148294985	0.088378426	0.169755459	0.088379748	0.159918993	0.088385247	0.178798088	0.088380971	0.163995144	0.088381391	0.081130093	0.088379711	0.080343101	0.088382108	0.082668741	0.08837934	0.075328464	0.088380934	0.07868376	0.088381305	0.068727274
0.089031093	0.159118481	0.089030197	0.175043829	0.089018863	0.145389659	0.08900888	0.17158325	0.089006091	0.136826178	0.089027757	0.147504761	0.089028267	0.164832806	0.089029599	0.161351812	0.089035138	0.180033853	0.089030831	0.164919763	0.089031255	0.07898478	0.089029562	0.074531	0.089031977	0.082137278	0.089029188	0.069455281	0.089030794	0.077483552	0.089031168	0.063044149
0.089680955	0.157187357	0.089680052	0.17073189	0.089668635	0.14365926	0.089658579	0.172287548	0.089655771	0.132445204	0.089677594	0.147311902	0.089678109	0.163311076	0.08967945	0.160292755	0.08968503	0.17798394	0.089680691	0.163731869	0.089681118	0.078122879	0.089679413	0.074488814	0.089681845	0.080389464	0.089679036	0.065747021	0.089680654	0.07690279	0.08968103	0.064526398
0.090330817	0.155984282	0.090329907	0.165890078	0.090318408	0.141253036	0.090308279	0.170260228	0.09030545	0.128444008	0.090327432	0.147208906	0.09032795	0.162491745	0.090329301	0.158452067	0.090334921	0.175665807	0.090330552	0.162254292	0.090330981	0.077077168	0.090329263	0.074921691	0.090331714	0.078504053	0.090328884	0.062255509	0.090330514	0.076138705	0.090330893	0.065817922
0.090980679	0.151620583	0.090979763	0.162009718	0.090968181	0.134786173	0.090957979	0.158170204	0.09095513	0.130073173	0.09097727	0.147209892	0.090977791	0.156736307	0.090979152	0.154175429	0.090984813	0.176012162	0.090980412	0.1607193	0.090980844	0.074049258	0.090979114	0.073367339	0.090981582	0.077009409	0.090978733	0.060676437	0.090980374	0.073682871	0.090980755	0.059107597
0.091630541	0.152642856	0.091629618	0.151621915	0.091617954	0.135936451	0.091607679	0.161875774	0.091604809	0.120860199	0.091627107	0.147782502	0.091627633	0.155853686	0.091629003	0.149234658	0.091634704	0.170617449	0.091630272	0.156735833	0.091630707	0.073073095	0.091628965	0.073889955	0.09163145	0.073630644	0.091628581	0.056116425	0.091630233	0.072748533	0.091630618	0.065593053
0.092280403	0.147146755	0.092279474	0.148939763	0.092267726	0.136556073	0.092257379	0.160817834	0.092254489	0.122576705	0.092276945	0.148047273	0.092277474	0.151125397	0.092278855	0.147199224	0.092284596	0.169889435	0.092280132	0.156055257	0.092280571	0.069615813	0.092278816	0.07131616	0.092281319	0.074727947	0.092278429	0.058676418	0.092280093	0.070104576	0.09228048	0.064630787
0.092930265	0.147912085	0.092929329	0.147878747	0.092917499	0.137646835	0.092907079	0.15697194	0.092904168	0.11602809	0.092926783	0.146960358	0.092927315	0.151756041	0.092928706	0.14761724	0.092934488	0.166558796	0.092929992	0.153885812	0.092930434	0.068809636	0.092928667	0.070200932	0.092931187	0.073716557	0.092928277	0.057207177	0.092929953	0.069915409	0.092930343	0.069767963
0.093580127	0.148892899	0.093579185	0.147310815	0.093567272	0.13847476	0.093556778	0.15310512	0.093553848	0.109602731	0.09357662	0.145909443	0.093577157	0.152098386	0.093578557	0.148082659	0.093584379	0.163458709	0.093579852	0.151691819	0.093580297	0.068184171	0.093578517	0.06896548	0.093581056	0.073284211	0.093578125	0.054891615	0.093579813	0.06975654	0.093580205	0.074470666
0.094229989	0.148080706	0.09422904	0.147274639	0.094217045	0.138153205	0.094206478	0.149296233	0.094203527	0.109066167	0.094226458	0.144473909	0.094226998	0.148159378	0.094228408	0.147328331	0.094234271	0.163442088	0.094229712	0.150158062	0.09423016	0.066757375	0.094228368	0.067199939	0.094230924	0.076219713	0.094227973	0.05157915	0.094229673	0.068448661	0.094230068	0.075169542
0.094879851	0.147481712	0.094878896	0.14572698	0.094866817	0.138710722	0.094856178	0.145962289	0.094853207	0.098042555	0.094876296	0.13932738	0.094876839	0.152643018	0.094878259	0.150322607	0.094884162	0.156107628	0.094879572	0.147271953	0.094880023	0.06643099	0.094878219	0.067533825	0.094880793	0.072218289	0.094877821	0.049207969	0.094879532	0.068371615	0.09487993	0.080077144
0.095529713	0.143305868	0.095528751	0.143861291	0.09551659	0.134491727	0.095505878	0.145249778	0.095502886	0.100185598	0.095526133	0.13746387	0.095526681	0.146897008	0.09552811	0.146674108	0.095534054	0.156576665	0.095529432	0.145775629	0.095529886	0.065949051	0.09552807	0.067831233	0.095530661	0.072680929	0.095527669	0.050644592	0.095529392	0.066462726	0.095529793	0.06168784
0.096179575	0.141991978	0.096178607	0.141394224	0.096166363	0.134727651	0.096155578	0.144884377	0.096152566	0.094353259	0.096175971	0.134219751	0.096176522	0.145483997	0.096177961	0.147246921	0.096183945	0.153207347	0.096179292	0.143482396	0.09617975	0.065291873	0.096177921	0.065755836	0.096180529	0.069945962	0.096177517	0.050868491	0.096179252	0.066785673	0.096179655	0.057903486
0.096829437	0.1412308	0.096828462	0.138886559	0.096816135	0.134518527	0.096805278	0.14502378	0.096802245	0.089720283	0.096825808	0.130989908	0.096826364	0.144877093	0.096827812	0.1474143	0.096833837	0.149762263	0.096829152	0.1412899	0.096829613	0.064747757	0.096827772	0.063636582	0.096830398	0.066646536	0.096827365	0.051347551	0.096829112	0.067254147	0.096829518	0.055404375
0.097479299	0.139904193	0.097478317	0.13765574	0.097465908	0.129574298	0.097454978	0.144785598	0.097451925	0.091962117	0.097475646	0.12884861	0.097476205	0.137848628	0.097477663	0.139457641	0.097483728	0.15089896	0.097479012	0.137705881	0.097479476	0.064335087	0.097477622	0.062680807	0.097480266	0.064768248	0.097477213	0.05378439	0.097478972	0.066257947	0.09747938	0.046786822
0.098129161	0.138365034	0.098128173	0.1361921	0.098115681	0.127967064	0.098104677	0.140345614	0.098101604	0.083344251	0.098125484	0.125274651	0.098126046	0.142728745	0.098127514	0.145269347	0.09813362	0.142886466	0.098128873	0.136347673	0.098129339	0.063750874	0.098127473	0.060469763	0.098130135	0.057885117	0.098127062	0.054199998	0.098128831	0.067085193	0.098129243	0.048919358
0.098779023	0.134885737	0.098778028	0.136606855	0.098765454	0.124171331	0.098754377	0.138358758	0.098751284	0.085189627	0.098775321	0.123069607	0.098775888	0.134432962	0.098777365	0.144361898	0.098783511	0.145241632	0.098778733	0.13538316	0.098779202	0.062788912	0.098777324	0.061809443	0.098780003	0.05818522	0.09877691	0.052724489	0.098778691	0.061968184	0.098779106	0.051204909
0.099428885	0.132289781	0.099427884	0.136918134	0.099415226	0.124858713	0.099404077	0.136840558	0.099400963	0.082091321	0.099425159	0.120717187	0.099425729	0.133729008	0.099427216	0.147321405	0.099433403	0.142690704	0.099428593	0.134759764	0.099429065	0.062083999	0.099427175	0.060861776	0.099429872	0.056509185	0.099426758	0.053646134	0.099428551	0.062065101	0.099428968	0.051503469
0.100078747	0.130262139	0.100077739	0.137055847	0.100064999	0.125326555	0.100053777	0.13583786	0.100050643	0.08024889	0.100074997	0.118802276	0.10007557	0.132461864	0.100077068	0.149256603	0.100083294	0.140082547	0.100078453	0.13378564	0.100078929	0.061573274	0.100077026	0.059355958	0.10007974	0.056463979	0.100076606	0.054104917	0.100078411	0.062275262	0.100078831	0.049796073
0.100728609	0.128391559	0.100727595	0.135725624	0.100714772	0.122832048	0.100703477	0.137409647	0.100700322	0.084644087	0.100724834	0.117567676	0.100725412	0.122512741	0.100726919	0.143566948	0.100733186	0.140207422	0.100728313	0.130317565	0.100728792	0.061720207	0.100726876	0.057703686	0.100729609	0.063583284	0.100726454	0.051724628	0.100728271	0.059961329	0.100728693	0.041819451
0.101378471	0.124704128	0.10137745	0.130120275	0.101364544	0.120793774	0.101353177	0.138494227	0.101350002	0.081999766	0.101374672	0.115754567	0.101375253	0.120570959	0.10137677	0.146777315	0.101383077	0.132481455	0.101378173	0.128514022	0.101378655	0.059771286	0.101376727	0.057408665	0.101379477	0.061075947	0.101376302	0.053699338	0.10137813	0.060954703	0.101378556	0.044505307
0.102028333	0.124586469	0.102027306	0.128972688	0.102014317	0.115960788	0.102002877	0.151384891	0.101999681	0.083596978	0.10202451	0.113057912	0.102025094	0.105827372	0.102026621	0.136721859	0.102032969	0.136246271	0.102028033	0.123415064	0.102028518	0.058585346	0.102026578	0.061384683	0.102029345	0.063641236	0.10202615	0.045126269	0.10202799	0.059194431	0.102028418	0.044442786
0.102678195	0.120243453	0.102677161	0.125728417	0.10266409	0.116865073	0.102652576	0.153915943	0.102649361	0.085134796	0.102674347	0.114688309	0.102674936	0.104069027	0.102676472	0.138743161	0.10268286	0.133412201	0.102677893	0.124177235	0.102678381	0.055997547	0.102676429	0.061731757	0.102679214	0.060708112	0.102675998	0.046608511	0.10267785	0.059604471	0.102678281	0.048365635
0.103328057	0.116625722	0.103327016	0.122432041	0.103313863	0.116838782	0.103302276	0.152221244	0.10329904	0.086518276	0.103324185	0.116019429	0.103324777	0.104810169	0.103326323	0.141414469	0.103332752	0.131291922	0.103327753	0.125753838	0.103328244	0.053341987	0.10332628	0.061394043	0.103329082	0.057602332	0.103325846	0.048671999	0.10332771	0.059908578	0.103328143	0.052027084
0.103977919	0.116795629	0.103976872	0.121826018	0.103963635	0.110861349	0.103951976	0.142485097	0.10394872	0.087910908	0.103974023	0.115178196	0.103974619	0.094949992	0.103976174	0.136862515	0.103982643	0.134802577	0.103977613	0.123092264	0.103978108	0.052092225	0.10397613	0.060514824	0.103978951	0.057538108	0.103975694	0.043001859	0.10397757	0.057112453	0.103978006	0.051731815
0.104627781	0.110210923	0.104626727	0.119883857	0.104613408	0.1097221	0.104601676	0.138324178	0.104598399	0.091827645	0.10462386	0.113359477	0.10462446	0.105343397	0.104626025	0.140174016	0.104632535	0.12998885	0.104627473	0.126232842	0.104627971	0.047171077	0.104625981	0.060897832	0.104628819	0.053695434	0.104625542	0.04924065	0.10462743	0.057946359	0.104627868	0.056715449
0.105277643	0.111756075	0.105276583	0.120728005	0.105263181	0.104443134	0.105251376	0.123581112	0.105248079	0.094112088	0.105273698	0.112367496	0.105274301	0.093894912	0.105275876	0.133945983	0.105282426	0.126978275	0.105277333	0.119428763	0.105277834	0.049311374	0.105275832	0.064681923	0.105278688	0.056128162	0.105275391	0.038052604	0.105277289	0.055794704	0.105277731	0.043399362
0.105927505	0.108429225	0.105926438	0.119536567	0.105912953	0.102607071	0.105901076	0.122992646	0.105897758	0.097535765	0.105923535	0.110956256	0.105924143	0.096387049	0.105925727	0.134744678	0.105932318	0.125015427	0.105927194	0.120407504	0.105927697	0.047173346	0.105925683	0.06447121	0.105928556	0.053674096	0.105925239	0.041299805	0.105927149	0.055050426	0.105927593	0.043448153
0.106577367	0.105684776	0.106576294	0.119092036	0.106562726	0.10042567	0.106550775	0.121952011	0.106547438	0.100125637	0.106573373	0.110336101	0.106573984	0.095701062	0.106575578	0.134836667	0.106582209	0.124412134	0.106577054	0.120781181	0.10657756	0.045245139	0.106575534	0.063028651	0.106578425	0.051581721	0.106575087	0.045233782	0.106577009	0.053854517	0.106577456	0.043804213