6906
6 16 1
9 97 3
10 70 6
11 74 9
23 99 6
30 81 8
35 56 6
36 77 8
40 54 9
46 69 8
70 17 8
78 11 1
78 32 7
81 79 1
83 62 5
91 34 2
1 1 3
1 3 3
1 4 3
1 5 3
1 6 3
1 7 3
1 9 3
1 10 3
1 11 3
1 13 3
1 14 3
1 16 3
1 17 3
1 19 3
1 20 3
1 21 3
1 22 3
1 23 3
1 24 3
1 25 3
1 26 3
1 27 3
1 28 3
1 29 3
1 30 3
1 31 3
1 33 3
1 35 3
1 36 3
1 38 3
1 39 3
1 40 3
1 41 3
1 43 3
1 45 3
1 46 3
1 47 3
1 48 3
1 49 3
1 52 3
1 53 3
1 54 3
1 55 3
1 57 3
1 58 3
1 59 3
1 60 3
1 61 3
1 62 3
1 63 3
1 65 3
1 66 3
1 67 3
1 69 3
1 70 3
1 71 3
1 72 3
1 74 3
1 75 3
1 76 3
1 79 3
1 81 3
1 82 3
1 83 3
1 84 3
1 85 3
1 86 3
1 89 3
1 90 3
1 91 3
1 94 3
1 95 3
1 96 3
1 97 3
1 98 3
1 99 3
1 100 3
2 1 3
2 4 3
2 5 3
2 6 3
2 8 3
2 10 3
2 12 3
2 16 3
2 17 3
2 18 3
2 21 3
2 22 3
2 24 3
2 25 3
2 26 3
2 27 3
2 30 3
2 31 3
2 32 3
2 33 3
2 34 3
2 35 3
2 36 3
2 39 3
2 41 3
2 42 3
2 43 3
2 44 3
2 46 3
2 47 3
2 48 3
2 49 3
2 50 3
2 51 3
2 54 3
2 58 3
2 59 3
2 60 3
2 61 3
2 63 3
2 65 3
2 67 3
2 68 3
2 69 3
2 70 3
2 71 3
2 72 3
2 73 3
2 74 3
2 75 3
2 78 3
2 79 3
2 80 3
2 81 3
2 83 3
2 84 3
2 85 3
2 86 3
2 87 3
2 88 3
2 89 3
2 91 3
2 92 3
2 93 3
2 95 3
2 96 3
2 98 3
2 99 3
2 100 3
3 1 3
3 3 3
3 7 3
3 11 3
3 12 3
3 13 3
3 15 3
3 16 3
3 17 3
3 20 3
3 21 3
3 22 3
3 23 3
3 28 3
3 29 3
3 30 3
3 32 3
3 34 3
3 38 3
3 40 3
3 43 3
3 45 3
3 46 3
3 47 3
3 49 3
3 51 3
3 52 3
3 53 3
3 55 3
3 56 3
3 57 3
3 59 3
3 60 3
3 61 3
3 62 3
3 64 3
3 65 3
3 67 3
3 68 3
3 69 3
3 70 3
3 71 3
3 73 3
3 77 3
3 78 3
3 79 3
3 82 3
3 84 3
3 85 3
3 86 3
3 87 3
3 88 3
3 89 3
3 90 3
3 91 3
3 92 3
3 93 3
3 94 3
3 96 3
3 97 3
3 98 3
3 100 3
4 1 3
4 2 3
4 4 3
4 7 3
4 8 3
4 9 3
4 11 3
4 15 3
4 16 3
4 17 3
4 18 3
4 19 3
4 21 3
4 22 3
4 24 3
4 26 3
4 27 3
4 28 3
4 29 3
4 31 3
4 32 3
4 33 3
4 34 3
4 35 3
4 36 3
4 38 3
4 40 3
4 41 3
4 42 3
4 43 3
4 45 3
4 48 3
4 50 3
4 51 3
4 53 3
4 54 3
4 55 3
4 58 3
4 60 3
4 61 3
4 62 3
4 63 3
4 64 3
4 66 3
4 68 3
4 70 3
4 73 3
4 74 3
4 75 3
4 76 3
4 77 3
4 78 3
4 79 3
4 80 3
4 81 3
4 83 3
4 84 3
4 85 3
4 86 3
4 87 3
4 88 3
4 90 3
4 91 3
4 92 3
4 93 3
4 94 3
4 95 3
4 96 3
4 98 3
4 99 3
4 100 3
5 1 3
5 2 3
5 3 3
5 4 3
5 5 3
5 6 3
5 7 3
5 9 3
5 12 3
5 13 3
5 14 3
5 15 3
5 17 3
5 18 3
5 20 3
5 21 3
5 22 3
5 23 3
5 25 3
5 26 3
5 28 3
5 29 3
5 30 3
5 31 3
5 33 3
5 34 3
5 35 3
5 36 3
5 38 3
5 40 3
5 42 3
5 43 3
5 45 3
5 47 3
5 48 3
5 49 3
5 50 3
5 51 3
5 54 3
5 55 3
5 56 3
5 57 3
5 59 3
5 60 3
5 61 3
5 62 3
5 64 3
5 65 3
5 66 3
5 67 3
5 68 3
5 69 3
5 70 3
5 71 3
5 73 3
5 74 3
5 75 3
5 78 3
5 82 3
5 85 3
5 86 3
5 87 3
5 88 3
5 89 3
5 90 3
5 91 3
5 92 3
5 93 3
5 94 3
5 97 3
5 98 3
5 99 3
5 100 3
6 1 3
6 2 3
6 3 3
6 4 3
6 6 3
6 7 3
6 8 3
6 9 3
6 10 3
6 11 3
6 16 3
6 18 3
6 19 3
6 21 3
6 22 3
6 23 3
6 24 3
6 25 3
6 26 3
6 27 3
6 28 3
6 30 3
6 31 3
6 34 3
6 38 3
6 40 3
6 41 3
6 42 3
6 44 3
6 46 3
6 47 3
6 48 3
6 49 3
6 51 3
6 52 3
6 53 3
6 54 3
6 55 3
6 56 3
6 57 3
6 58 3
6 59 3
6 64 3
6 65 3
6 67 3
6 69 3
6 70 3
6 71 3
6 72 3
6 73 3
6 74 3
6 75 3
6 76 3
6 77 3
6 78 3
6 80 3
6 81 3
6 82 3
6 83 3
6 85 3
6 86 3
6 90 3
6 91 3
6 93 3
6 96 3
6 97 3
6 98 3
6 99 3
6 100 3
7 1 3
7 2 3
7 3 3
7 6 3
7 7 3
7 8 3
7 9 3
7 10 3
7 11 3
7 12 3
7 13 3
7 14 3
7 17 3
7 19 3
7 20 3
7 21 3
7 23 3
7 24 3
7 25 3
7 26 3
7 28 3
7 29 3
7 31 3
7 32 3
7 33 3
7 34 3
7 35 3
7 36 3
7 37 3
7 38 3
7 39 3
7 44 3
7 45 3
7 46 3
7 47 3
7 50 3
7 52 3
7 53 3
7 54 3
7 55 3
7 56 3
7 57 3
7 58 3
7 59 3
7 60 3
7 61 3
7 63 3
7 65 3
7 66 3
7 67 3
7 68 3
7 69 3
7 70 3
7 71 3
7 73 3
7 74 3
7 75 3
7 76 3
7 77 3
7 78 3
7 81 3
7 82 3
7 84 3
7 85 3
7 89 3
7 90 3
7 94 3
7 95 3
7 96 3
7 97 3
7 99 3
7 100 3
8 1 3
8 2 3
8 3 3
8 6 3
8 7 3
8 8 3
8 9 3
8 11 3
8 13 3
8 15 3
8 16 3
8 18 3
8 20 3
8 21 3
8 22 3
8 23 3
8 24 3
8 25 3
8 26 3
8 27 3
8 28 3
8 29 3
8 30 3
8 31 3
8 34 3
8 35 3
8 36 3
8 38 3
8 40 3
8 41 3
8 42 3
8 43 3
8 44 3
8 45 3
8 46 3
8 48 3
8 50 3
8 51 3
8 53 3
8 54 3
8 55 3
8 56 3
8 57 3
8 58 3
8 60 3
8 61 3
8 62 3
8 63 3
8 64 3
8 65 3
8 66 3
8 67 3
8 68 3
8 69 3
8 71 3
8 72 3
8 73 3
8 74 3
8 75 3
8 77 3
8 78 3
8 79 3
8 81 3
8 83 3
8 84 3
8 87 3
8 88 3
8 89 3
8 91 3
8 93 3
8 94 3
8 95 3
8 96 3
8 98 3
8 99 3
8 100 3
9 1 3
9 3 3
9 4 3
9 5 3
9 8 3
9 9 3
9 11 3
9 12 3
9 13 3
9 14 3
9 15 3
9 16 3
9 17 3
9 19 3
9 20 3
9 21 3
9 22 3
9 24 3
9 25 3
9 26 3
9 27 3
9 28 3
9 29 3
9 30 3
9 31 3
9 34 3
9 35 3
9 36 3
9 37 3
9 38 3
9 41 3
9 42 3
9 43 3
9 46 3
9 47 3
9 50 3
9 52 3
9 53 3
9 54 3
9 55 3
9 57 3
9 58 3
9 60 3
9 64 3
9 65 3
9 66 3
9 69 3
9 71 3
9 75 3
9 76 3
9 77 3
9 78 3
9 79 3
9 80 3
9 81 3
9 82 3
9 83 3
9 84 3
9 85 3
9 86 3
9 87 3
9 88 3
9 89 3
9 90 3
9 92 3
9 93 3
9 94 3
9 95 3
9 97 3
9 99 3
9 100 3
10 1 3
10 3 3
10 4 3
10 5 3
10 6 3
10 7 3
10 8 3
10 9 3
10 10 3
10 11 3
10 12 3
10 13 3
10 16 3
10 17 3
10 18 3
10 19 3
10 20 3
10 21 3
10 22 3
10 23 3
10 27 3
10 28 3
10 32 3
10 34 3
10 35 3
10 36 3
10 37 3
10 38 3
10 39 3
10 40 3
10 41 3
10 42 3
10 44 3
10 45 3
10 47 3
10 49 3
10 53 3
10 54 3
10 55 3
10 56 3
10 57 3
10 58 3
10 59 3
10 60 3
10 62 3
10 63 3
10 64 3
10 65 3
10 66 3
10 67 3
10 68 3
10 72 3
10 76 3
10 77 3
10 78 3
10 79 3
10 80 3
10 81 3
10 82 3
10 83 3
10 87 3
10 88 3
10 90 3
10 92 3
10 93 3
10 94 3
10 96 3
10 98 3
11 1 3
11 2 3
11 3 3
11 4 3
11 5 3
11 7 3
11 8 3
11 10 3
11 11 3
11 12 3
11 13 3
11 14 3
11 16 3
11 17 3
11 18 3
11 19 3
11 20 3
11 21 3
11 22 3
11 23 3
11 27 3
11 28 3
11 29 3
11 30 3
11 31 3
11 32 3
11 33 3
11 34 3
11 35 3
11 36 3
11 37 3
11 38 3
11 42 3
11 43 3
11 46 3
11 47 3
11 48 3
11 49 3
11 50 3
11 52 3
11 53 3
11 54 3
11 55 3
11 58 3
11 59 3
11 60 3
11 62 3
11 64 3
11 66 3
11 67 3
11 68 3
11 72 3
11 74 3
11 76 3
11 77 3
11 79 3
11 81 3
11 82 3
11 83 3
11 86 3
11 87 3
11 89 3
11 90 3
11 91 3
11 93 3
11 95 3
11 96 3
11 97 3
11 98 3
11 99 3
12 1 3
12 2 3
12 4 3
12 5 3
12 6 3
12 8 3
12 9 3
12 11 3
12 13 3
12 15 3
12 17 3
12 18 3
12 19 3
12 20 3
12 21 3
12 22 3
12 24 3
12 25 3
12 26 3
12 27 3
12 28 3
12 31 3
12 32 3
12 33 3
12 34 3
12 35 3
12 36 3
12 37 3
12 39 3
12 40 3
12 41 3
12 42 3
12 44 3
12 47 3
12 50 3
12 51 3
12 52 3
12 55 3
12 58 3
12 59 3
12 60 3
12 61 3
12 63 3
12 64 3
12 65 3
12 67 3
12 69 3
12 71 3
12 72 3
12 73 3
12 75 3
12 76 3
12 77 3
12 78 3
12 79 3
12 80 3
12 81 3
12 83 3
12 84 3
12 85 3
12 86 3
12 87 3
12 88 3
12 90 3
12 93 3
12 94 3
12 95 3
12 96 3
12 97 3
12 98 3
12 99 3
12 100 3
13 2 3
13 3 3
13 4 3
13 5 3
13 6 3
13 7 3
13 8 3
13 9 3
13 13 3
13 15 3
13 17 3
13 18 3
13 19 3
13 21 3
13 22 3
13 23 3
13 24 3
13 25 3
13 26 3
13 27 3
13 28 3
13 30 3
13 31 3
13 32 3
13 33 3
13 36 3
13 38 3
13 39 3
13 43 3
13 44 3
13 46 3
13 47 3
13 48 3
13 49 3
13 50 3
13 51 3
13 52 3
13 53 3
13 54 3
13 55 3
13 56 3
13 58 3
13 59 3
13 60 3
13 62 3
13 63 3
13 64 3
13 65 3
13 66 3
13 68 3
13 70 3
13 71 3
13 72 3
13 73 3
13 74 3
13 75 3
13 76 3
13 77 3
13 78 3
13 80 3
13 81 3
13 82 3
13 83 3
13 85 3
13 88 3
13 89 3
13 90 3
13 91 3
13 92 3
13 95 3
13 98 3
13 99 3
13 100 3
14 1 3
14 2 3
14 4 3
14 5 3
14 8 3
14 9 3
14 10 3
14 13 3
14 14 3
14 16 3
14 17 3
14 18 3
14 21 3
14 23 3
14 24 3
14 25 3
14 26 3
14 27 3
14 28 3
14 29 3
14 30 3
14 31 3
14 33 3
14 34 3
14 35 3
14 36 3
14 39 3
14 40 3
14 41 3
14 42 3
14 45 3
14 47 3
14 48 3
14 49 3
14 50 3
14 51 3
14 53 3
14 54 3
14 56 3
14 57 3
14 58 3
14 59 3
14 61 3
14 63 3
14 64 3
14 66 3
14 67 3
14 68 3
14 71 3
14 72 3
14 73 3
14 74 3
14 75 3
14 76 3
14 77 3
14 79 3
14 80 3
14 82 3
14 86 3
14 88 3
14 89 3
14 90 3
14 92 3
14 94 3
14 95 3
14 96 3
14 97 3
14 99 3
15 1 3
15 3 3
15 5 3
15 7 3
15 9 3
15 10 3
15 11 3
15 12 3
15 15 3
15 18 3
15 19 3
15 20 3
15 21 3
15 23 3
15 24 3
15 26 3
15 27 3
15 29 3
15 31 3
15 33 3
15 34 3
15 35 3
15 37 3
15 38 3
15 40 3
15 43 3
15 44 3
15 45 3
15 48 3
15 49 3
15 50 3
15 52 3
15 53 3
15 55 3
15 56 3
15 58 3
15 59 3
15 60 3
15 62 3
15 63 3
15 65 3
15 66 3
15 67 3
15 68 3
15 70 3
15 71 3
15 73 3
15 74 3
15 75 3
15 77 3
15 78 3
15 79 3
15 80 3
15 83 3
15 86 3
15 87 3
15 88 3
15 89 3
15 95 3
15 96 3
15 97 3
15 98 3
15 99 3
15 100 3
16 1 3
16 2 3
16 3 3
16 4 3
16 5 3
16 7 3
16 8 3
16 9 3
16 12 3
16 13 3
16 14 3
16 15 3
16 16 3
16 17 3
16 18 3
16 19 3
16 20 3
16 21 3
16 22 3
16 23 3
16 24 3
16 25 3
16 27 3
16 29 3
16 30 3
16 33 3
16 34 3
16 35 3
16 36 3
16 37 3
16 38 3
16 42 3
16 43 3
16 45 3
16 46 3
16 47 3
16 48 3
16 49 3
16 50 3
16 51 3
16 52 3
16 58 3
16 59 3
16 60 3
16 61 3
16 62 3
16 63 3
16 64 3
16 65 3
16 66 3
16 67 3
16 69 3
16 70 3
16 71 3
16 74 3
16 75 3
16 79 3
16 82 3
16 83 3
16 84 3
16 86 3
16 88 3
16 90 3
16 91 3
16 93 3
16 94 3
16 95 3
16 96 3
16 97 3
16 98 3
16 99 3
16 100 3
17 1 3
17 2 3
17 3 3
17 7 3
17 9 3
17 10 3
17 11 3
17 12 3
17 13 3
17 16 3
17 17 3
17 18 3
17 19 3
17 20 3
17 24 3
17 25 3
17 26 3
17 28 3
17 29 3
17 31 3
17 32 3
17 34 3
17 35 3
17 36 3
17 37 3
17 42 3
17 43 3
17 44 3
17 46 3
17 47 3
17 49 3
17 51 3
17 53 3
17 54 3
17 55 3
17 56 3
17 58 3
17 60 3
17 61 3
17 63 3
17 64 3
17 66 3
17 67 3
17 68 3
17 71 3
17 72 3
17 73 3
17 74 3
17 75 3
17 76 3
17 77 3
17 78 3
17 79 3
17 80 3
17 81 3
17 82 3
17 83 3
17 84 3
17 85 3
17 86 3
17 87 3
17 89 3
17 91 3
17 92 3
17 96 3
17 97 3
17 98 3
17 99 3
18 1 3
18 2 3
18 3 3
18 4 3
18 6 3
18 7 3
18 9 3
18 10 3
18 13 3
18 14 3
18 15 3
18 16 3
18 18 3
18 19 3
18 23 3
18 24 3
18 25 3
18 26 3
18 27 3
18 28 3
18 29 3
18 30 3
18 31 3
18 32 3
18 34 3
18 35 3
18 36 3
18 37 3
18 39 3
18 40 3
18 41 3
18 43 3
18 44 3
18 45 3
18 48 3
18 49 3
18 50 3
18 51 3
18 52 3
18 53 3
18 54 3
18 55 3
18 56 3
18 57 3
18 58 3
18 59 3
18 60 3
18 61 3
18 62 3
18 63 3
18 66 3
18 67 3
18 68 3
18 69 3
18 70 3
18 72 3
18 73 3
18 74 3
18 75 3
18 76 3
18 77 3
18 78 3
18 80 3
18 81 3
18 82 3
18 83 3
18 84 3
18 85 3
18 86 3
18 88 3
18 90 3
18 92 3
18 93 3
18 94 3
18 95 3
18 97 3
18 98 3
18 99 3
19 4 3
19 5 3
19 6 3
19 7 3
19 8 3
19 12 3
19 15 3
19 16 3
19 17 3
19 18 3
19 20 3
19 22 3
19 23 3
19 26 3
19 27 3
19 28 3
19 29 3
19 30 3
19 31 3
19 32 3
19 33 3
19 34 3
19 36 3
19 37 3
19 42 3
19 43 3
19 44 3
19 45 3
19 46 3
19 47 3
19 48 3
19 50 3
19 51 3
19 52 3
19 53 3
19 54 3
19 56 3
19 57 3
19 59 3
19 61 3
19 62 3
19 63 3
19 64 3
19 65 3
19 66 3
19 67 3
19 68 3
19 69 3
19 71 3
19 73 3
19 79 3
19 80 3
19 82 3
19 83 3
19 84 3
19 86 3
19 87 3
19 90 3
19 92 3
19 93 3
19 94 3
19 96 3
19 97 3
19 98 3
19 99 3
20 1 3
20 2 3
20 5 3
20 6 3
20 9 3
20 10 3
20 12 3
20 13 3
20 14 3
20 15 3
20 18 3
20 19 3
20 21 3
20 24 3
20 27 3
20 28 3
20 30 3
20 32 3
20 33 3
20 34 3
20 35 3
20 37 3
20 39 3
20 41 3
20 44 3
20 45 3
20 46 3
20 47 3
20 48 3
20 49 3
20 51 3
20 53 3
20 54 3
20 58 3
20 60 3
20 62 3
20 65 3
20 67 3
20 68 3
20 69 3
20 71 3
20 75 3
20 77 3
20 78 3
20 79 3
20 82 3
20 83 3
20 84 3
20 86 3
20 88 3
20 89 3
20 90 3
20 91 3
20 92 3
20 93 3
20 95 3
20 96 3
20 97 3
20 99 3
20 100 3
21 1 3
21 2 3
21 4 3
21 5 3
21 6 3
21 8 3
21 10 3
21 11 3
21 12 3
21 13 3
21 14 3
21 17 3
21 20 3
21 21 3
21 22 3
21 23 3
21 24 3
21 26 3
21 27 3
21 28 3
21 29 3
21 31 3
21 32 3
21 33 3
21 35 3
21 36 3
21 37 3
21 38 3
21 40 3
21 41 3
21 42 3
21 44 3
21 46 3
21 47 3
21 48 3
21 49 3
21 51 3
21 52 3
21 54 3
21 56 3
21 57 3
21 59 3
21 62 3
21 63 3
21 64 3
21 65 3
21 67 3
21 69 3
21 70 3
21 71 3
21 73 3
21 74 3
21 75 3
21 76 3
21 77 3
21 78 3
21 79 3
21 80 3
21 81 3
21 83 3
21 84 3
21 86 3
21 88 3
21 91 3
21 92 3
21 93 3
21 94 3
21 96 3
21 97 3
21 100 3
22 1 3
22 2 3
22 3 3
22 4 3
22 5 3
22 6 3
22 7 3
22 9 3
22 12 3
22 14 3
22 15 3
22 17 3
22 18 3
22 21 3
22 22 3
22 23 3
22 25 3
22 26 3
22 27 3
22 30 3
22 32 3
22 33 3
22 34 3
22 35 3
22 38 3
22 39 3
22 40 3
22 42 3
22 46 3
22 47 3
22 48 3
22 49 3
22 50 3
22 51 3
22 52 3
22 53 3
22 55 3
22 57 3
22 58 3
22 59 3
22 62 3
22 63 3
22 66 3
22 67 3
22 68 3
22 69 3
22 70 3
22 71 3
22 75 3
22 77 3
22 78 3
22 80 3
22 81 3
22 82 3
22 84 3
22 87 3
22 88 3
22 89 3
22 91 3
22 92 3
22 93 3
22 94 3
22 95 3
22 97 3
22 98 3
23 2 3
23 3 3
23 4 3
23 5 3
23 6 3
23 7 3
23 8 3
23 9 3
23 10 3
23 11 3
23 13 3
23 14 3
23 17 3
23 19 3
23 20 3
23 21 3
23 22 3
23 23 3
23 24 3
23 26 3
23 27 3
23 28 3
23 29 3
23 30 3
23 31 3
23 32 3
23 33 3
23 34 3
23 35 3
23 37 3
23 40 3
23 41 3
23 42 3
23 44 3
23 49 3
23 50 3
23 51 3
23 52 3
23 54 3
23 55 3
23 56 3
23 57 3
23 58 3
23 61 3
23 62 3
23 63 3
23 64 3
23 66 3
23 67 3
23 69 3
23 70 3
23 72 3
23 73 3
23 74 3
23 76 3
23 80 3
23 81 3
23 82 3
23 83 3
23 84 3
23 85 3
23 86 3
23 88 3
23 90 3
23 93 3
23 94 3
23 97 3
24 1 3
24 3 3
24 4 3
24 5 3
24 8 3
24 9 3
24 11 3
24 13 3
24 15 3
24 16 3
24 18 3
24 19 3
24 20 3
24 23 3
24 27 3
24 29 3
24 30 3
24 31 3
24 32 3
24 33 3
24 34 3
24 35 3
24 36 3
24 38 3
24 40 3
24 41 3
24 42 3
24 44 3
24 45 3
24 46 3
24 47 3
24 49 3
24 50 3
24 52 3
24 53 3
24 54 3
24 56 3
24 57 3
24 59 3
24 60 3
24 61 3
24 63 3
24 65 3
24 67 3
24 69 3
24 72 3
24 73 3
24 74 3
24 76 3
24 77 3
24 78 3
24 79 3
24 81 3
24 83 3
24 86 3
24 87 3
24 88 3
24 89 3
24 91 3
24 92 3
24 93 3
24 94 3
24 96 3
24 97 3
24 98 3
24 100 3
25 1 3
25 2 3
25 3 3
25 4 3
25 7 3
25 10 3
25 11 3
25 12 3
25 13 3
25 14 3
25 15 3
25 17 3
25 18 3
25 19 3
25 20 3
25 21 3
25 24 3
25 25 3
25 26 3
25 27 3
25 28 3
25 29 3
25 30 3
25 31 3
25 33 3
25 35 3
25 37 3
25 38 3
25 39 3
25 40 3
25 43 3
25 46 3
25 48 3
25 50 3
25 51 3
25 52 3
25 53 3
25 54 3
25 55 3
25 56 3
25 58 3
25 60 3
25 62 3
25 63 3
25 64 3
25 65 3
25 67 3
25 68 3
25 70 3
25 72 3
25 74 3
25 75 3
25 76 3
25 79 3
25 84 3
25 85 3
25 86 3
25 87 3
25 89 3
25 90 3
25 91 3
25 92 3
25 93 3
25 94 3
25 96 3
25 97 3
26 1 3
26 2 3
26 3 3
26 4 3
26 6 3
26 7 3
26 8 3
26 10 3
26 11 3
26 13 3
26 14 3
26 16 3
26 17 3
26 18 3
26 19 3
26 21 3
26 22 3
26 23 3
26 25 3
26 27 3
26 30 3
26 31 3
26 32 3
26 34 3
26 35 3
26 36 3
26 39 3
26 40 3
26 41 3
26 42 3
26 43 3
26 45 3
26 46 3
26 48 3
26 49 3
26 50 3
26 54 3
26 56 3
26 58 3
26 59 3
26 61 3
26 62 3
26 63 3
26 64 3
26 66 3
26 68 3
26 69 3
26 72 3
26 73 3
26 74 3
26 75 3
26 78 3
26 80 3
26 81 3
26 82 3
26 84 3
26 85 3
26 86 3
26 87 3
26 88 3
26 89 3
26 90 3
26 91 3
26 92 3
26 93 3
26 94 3
26 96 3
26 97 3
26 98 3
26 99 3
26 100 3
27 1 3
27 3 3
27 4 3
27 5 3
27 6 3
27 8 3
27 9 3
27 10 3
27 12 3
27 14 3
27 17 3
27 18 3
27 20 3
27 22 3
27 23 3
27 24 3
27 25 3
27 26 3
27 27 3
27 29 3
27 30 3
27 31 3
27 33 3
27 34 3
27 35 3
27 36 3
27 38 3
27 42 3
27 45 3
27 46 3
27 47 3
27 51 3
27 52 3
27 54 3
27 55 3
27 57 3
27 58 3
27 59 3
27 60 3
27 61 3
27 63 3
27 64 3
27 65 3
27 67 3
27 70 3
27 71 3
27 73 3
27 75 3
27 76 3
27 79 3
27 80 3
27 81 3
27 82 3
27 83 3
27 84 3
27 85 3
27 86 3
27 91 3
27 93 3
27 94 3
27 95 3
27 96 3
27 97 3
27 98 3
27 99 3
27 100 3
28 2 3
28 3 3
28 4 3
28 6 3
28 8 3
28 10 3
28 12 3
28 15 3
28 16 3
28 20 3
28 21 3
28 23 3
28 24 3
28 26 3
28 28 3
28 31 3
28 32 3
28 33 3
28 35 3
28 36 3
28 37 3
28 38 3
28 39 3
28 40 3
28 41 3
28 43 3
28 47 3
28 48 3
28 49 3
28 50 3
28 51 3
28 52 3
28 53 3
28 54 3
28 56 3
28 58 3
28 59 3
28 60 3
28 62 3
28 63 3
28 64 3
28 65 3
28 67 3
28 69 3
28 72 3
28 73 3
28 74 3
28 75 3
28 77 3
28 78 3
28 80 3
28 81 3
28 82 3
28 83 3
28 84 3
28 85 3
28 86 3
28 87 3
28 88 3
28 89 3
28 90 3
28 91 3
28 92 3
28 93 3
28 94 3
28 95 3
28 97 3
28 98 3
28 99 3
28 100 3
29 1 3
29 2 3
29 3 3
29 5 3
29 6 3
29 7 3
29 9 3
29 10 3
29 11 3
29 13 3
29 14 3
29 17 3
29 18 3
29 19 3
29 20 3
29 21 3
29 25 3
29 26 3
29 30 3
29 31 3
29 32 3
29 34 3
29 37 3
29 38 3
29 39 3
29 40 3
29 41 3
29 43 3
29 45 3
29 46 3
29 47 3
29 48 3
29 49 3
29 50 3
29 51 3
29 52 3
29 53 3
29 54 3
29 55 3
29 56 3
29 57 3
29 58 3
29 59 3
29 60 3
29 61 3
29 62 3
29 64 3
29 65 3
29 69 3
29 70 3
29 71 3
29 72 3
29 73 3
29 74 3
29 75 3
29 77 3
29 78 3
29 79 3
29 80 3
29 82 3
29 83 3
29 84 3
29 86 3
29 88 3
29 89 3
29 91 3
29 94 3
29 95 3
29 97 3
29 98 3
29 100 3
30 1 3
30 2 3
30 3 3
30 4 3
30 5 3
30 6 3
30 8 3
30 13 3
30 14 3
30 15 3
30 16 3
30 17 3
30 20 3
30 23 3
30 25 3
30 26 3
30 28 3
30 29 3
30 30 3
30 34 3
30 36 3
30 38 3
30 39 3
30 42 3
30 43 3
30 44 3
30 47 3
30 50 3
30 51 3
30 52 3
30 54 3
30 56 3
30 58 3
30 59 3
30 60 3
30 61 3
30 62 3
30 63 3
30 64 3
30 65 3
30 66 3
30 67 3
30 68 3
30 69 3
30 70 3
30 71 3
30 73 3
30 74 3
30 75 3
30 76 3
30 77 3
30 81 3
30 83 3
30 84 3
30 85 3
30 86 3
30 87 3
30 88 3
30 89 3
30 90 3
30 92 3
30 94 3
30 96 3
30 98 3
30 99 3
31 1 3
31 3 3
31 5 3
31 7 3
31 8 3
31 10 3
31 12 3
31 13 3
31 15 3
31 17 3
31 18 3
31 19 3
31 20 3
31 21 3
31 22 3
31 23 3
31 25 3
31 27 3
31 29 3
31 31 3
31 32 3
31 33 3
31 34 3
31 35 3
31 36 3
31 37 3
31 38 3
31 40 3
31 41 3
31 42 3
31 43 3
31 44 3
31 47 3
31 49 3
31 52 3
31 56 3
31 59 3
31 61 3
31 62 3
31 63 3
31 64 3
31 65 3
31 66 3
31 67 3
31 69 3
31 70 3
31 72 3
31 73 3
31 75 3
31 76 3
31 77 3
31 79 3
31 80 3
31 82 3
31 83 3
31 84 3
31 85 3
31 87 3
31 88 3
31 89 3
31 91 3
31 92 3
31 93 3
31 94 3
31 95 3
31 96 3
31 97 3
31 98 3
31 99 3
31 100 3
32 1 3
32 2 3
32 3 3
32 5 3
32 7 3
32 8 3
32 9 3
32 11 3
32 12 3
32 13 3
32 14 3
32 16 3
32 18 3
32 19 3
32 20 3
32 23 3
32 24 3
32 25 3
32 26 3
32 27 3
32 28 3
32 30 3
32 31 3
32 35 3
32 38 3
32 39 3
32 42 3
32 43 3
32 44 3
32 45 3
32 46 3
32 48 3
32 49 3
32 50 3
32 51 3
32 53 3
32 54 3
32 55 3
32 56 3
32 57 3
32 58 3
32 59 3
32 60 3
32 61 3
32 62 3
32 63 3
32 64 3
32 65 3
32 66 3
32 67 3
32 69 3
32 70 3
32 71 3
32 73 3
32 74 3
32 76 3
32 77 3
32 78 3
32 80 3
32 82 3
32 83 3
32 84 3
32 85 3
32 89 3
32 90 3
32 91 3
32 92 3
32 93 3
32 95 3
32 96 3
32 98 3
32 99 3
32 100 3
33 2 3
33 4 3
33 5 3
33 6 3
33 7 3
33 8 3
33 10 3
33 11 3
33 12 3
33 13 3
33 15 3
33 17 3
33 19 3
33 20 3
33 22 3
33 23 3
33 24 3
33 25 3
33 26 3
33 27 3
33 29 3
33 32 3
33 33 3
33 34 3
33 35 3
33 37 3
33 38 3
33 42 3
33 43 3
33 44 3
33 45 3
33 46 3
33 47 3
33 49 3
33 51 3
33 52 3
33 53 3
33 56 3
33 57 3
33 58 3
33 59 3
33 61 3
33 62 3
33 63 3
33 65 3
33 67 3
33 68 3
33 70 3
33 72 3
33 74 3
33 75 3
33 76 3
33 79 3
33 80 3
33 81 3
33 82 3
33 84 3
33 85 3
33 89 3
33 90 3
33 92 3
33 93 3
33 94 3
33 97 3
34 1 3
34 2 3
34 3 3
34 4 3
34 5 3
34 7 3
34 8 3
34 10 3
34 11 3
34 13 3
34 14 3
34 15 3
34 17 3
34 20 3
34 21 3
34 23 3
34 24 3
34 25 3
34 27 3
34 29 3
34 31 3
34 32 3
34 33 3
34 34 3
34 37 3
34 38 3
34 39 3
34 40 3
34 41 3
34 42 3
34 43 3
34 44 3
34 46 3
34 47 3
34 48 3
34 51 3
34 53 3
34 54 3
34 55 3
34 56 3
34 58 3
34 60 3
34 63 3
34 64 3
34 65 3
34 69 3
34 71 3
34 72 3
34 73 3
34 75 3
34 76 3
34 77 3
34 78 3
34 81 3
34 83 3
34 84 3
34 85 3
34 86 3
34 87 3
34 88 3
34 89 3
34 90 3
34 91 3
34 92 3
34 93 3
34 94 3
34 95 3
34 96 3
34 97 3
34 98 3
34 99 3
34 100 3
35 1 3
35 2 3
35 4 3
35 5 3
35 6 3
35 7 3
35 8 3
35 10 3
35 11 3
35 14 3
35 16 3
35 17 3
35 18 3
35 19 3
35 20 3
35 21 3
35 23 3
35 24 3
35 25 3
35 26 3
35 28 3
35 30 3
35 33 3
35 34 3
35 35 3
35 36 3
35 38 3
35 40 3
35 41 3
35 43 3
35 45 3
35 47 3
35 48 3
35 49 3
35 51 3
35 53 3
35 58 3
35 59 3
35 60 3
35 62 3
35 63 3
35 66 3
35 67 3
35 71 3
35 75 3
35 76 3
35 80 3
35 81 3
35 83 3
35 84 3
35 85 3
35 89 3
35 91 3
35 92 3
35 93 3
35 94 3
35 95 3
35 96 3
35 97 3
35 98 3
35 99 3
35 100 3
36 1 3
36 3 3
36 4 3
36 7 3
36 8 3
36 9 3
36 11 3
36 12 3
36 14 3
36 15 3
36 17 3
36 18 3
36 19 3
36 21 3
36 23 3
36 24 3
36 25 3
36 26 3
36 27 3
36 29 3
36 30 3
36 31 3
36 33 3
36 34 3
36 35 3
36 36 3
36 37 3
36 38 3
36 39 3
36 40 3
36 41 3
36 43 3
36 44 3
36 45 3
36 46 3
36 47 3
36 48 3
36 49 3
36 50 3
36 51 3
36 52 3
36 54 3
36 61 3
36 62 3
36 63 3
36 65 3
36 66 3
36 67 3
36 68 3
36 69 3
36 70 3
36 71 3
36 72 3
36 79 3
36 80 3
36 83 3
36 85 3
36 86 3
36 87 3
36 88 3
36 89 3
36 90 3
36 92 3
36 96 3
36 97 3
36 98 3
36 99 3
36 100 3
37 1 3
37 2 3
37 3 3
37 6 3
37 7 3
37 8 3
37 9 3
37 10 3
37 12 3
37 13 3
37 14 3
37 16 3
37 18 3
37 19 3
37 21 3
37 23 3
37 24 3
37 26 3
37 28 3
37 29 3
37 30 3
37 31 3
37 33 3
37 35 3
37 36 3
37 37 3
37 38 3
37 39 3
37 41 3
37 44 3
37 46 3
37 50 3
37 51 3
37 52 3
37 53 3
37 55 3
37 56 3
37 57 3
37 59 3
37 60 3
37 61 3
37 62 3
37 64 3
37 65 3
37 67 3
37 68 3
37 71 3
37 72 3
37 75 3
37 76 3
37 78 3
37 79 3
37 82 3
37 83 3
37 84 3
37 85 3
37 88 3
37 89 3
37 90 3
37 92 3
37 93 3
37 94 3
37 95 3
37 97 3
37 98 3
37 100 3
38 1 3
38 3 3
38 4 3
38 5 3
38 6 3
38 7 3
38 8 3
38 9 3
38 10 3
38 11 3
38 12 3
38 14 3
38 15 3
38 16 3
38 17 3
38 18 3
38 19 3
38 20 3
38 21 3
38 22 3
38 24 3
38 26 3
38 27 3
38 28 3
38 29 3
38 31 3
38 32 3
38 33 3
38 34 3
38 36 3
38 39 3
38 40 3
38 41 3
38 43 3
38 44 3
38 46 3
38 49 3
38 51 3
38 52 3
38 53 3
38 54 3
38 55 3
38 56 3
38 57 3
38 60 3
38 61 3
38 62 3
38 64 3
38 65 3
38 69 3
38 70 3
38 71 3
38 72 3
38 73 3
38 74 3
38 75 3
38 76 3
38 77 3
38 79 3
38 80 3
38 81 3
38 83 3
38 84 3
38 86 3
38 87 3
38 88 3
38 90 3
38 91 3
38 92 3
38 93 3
38 94 3
38 95 3
38 98 3
38 99 3
38 100 3
39 1 3
39 3 3
39 5 3
39 6 3
39 7 3
39 9 3
39 10 3
39 14 3
39 15 3
39 18 3
39 19 3
39 21 3
39 23 3
39 24 3
39 25 3
39 26 3
39 28 3
39 30 3
39 33 3
39 34 3
39 35 3
39 37 3
39 39 3
39 40 3
39 41 3
39 42 3
39 43 3
39 44 3
39 46 3
39 47 3
39 50 3
39 51 3
39 52 3
39 53 3
39 55 3
39 56 3
39 58 3
39 59 3
39 61 3
39 62 3
39 63 3
39 67 3
39 68 3
39 69 3
39 71 3
39 72 3
39 74 3
39 76 3
39 77 3
39 78 3
39 79 3
39 80 3
39 81 3
39 83 3
39 86 3
39 87 3
39 88 3
39 91 3
39 92 3
39 93 3
39 97 3
39 98 3
39 100 3
40 1 3
40 3 3
40 5 3
40 6 3
40 7 3
40 9 3
40 10 3
40 11 3
40 12 3
40 13 3
40 14 3
40 18 3
40 20 3
40 21 3
40 24 3
40 26 3
40 27 3
40 28 3
40 29 3
40 30 3
40 31 3
40 32 3
40 34 3
40 35 3
40 37 3
40 38 3
40 40 3
40 41 3
40 42 3
40 43 3
40 44 3
40 45 3
40 46 3
40 47 3
40 48 3
40 51 3
40 54 3
40 57 3
40 59 3
40 61 3
40 63 3
40 64 3
40 65 3
40 66 3
40 67 3
40 68 3
40 69 3
40 70 3
40 71 3
40 72 3
40 73 3
40 75 3
40 76 3
40 78 3
40 80 3
40 82 3
40 85 3
40 86 3
40 87 3
40 88 3
40 89 3
40 90 3
40 91 3
40 92 3
40 93 3
40 94 3
40 95 3
40 96 3
40 97 3
40 98 3
40 99 3
41 1 3
41 3 3
41 5 3
41 8 3
41 10 3
41 12 3
41 13 3
41 16 3
41 17 3
41 18 3
41 21 3
41 22 3
41 23 3
41 24 3
41 25 3
41 28 3
41 30 3
41 33 3
41 34 3
41 35 3
41 36 3
41 39 3
41 40 3
41 43 3
41 44 3
41 45 3
41 47 3
41 48 3
41 49 3
41 50 3
41 52 3
41 55 3
41 56 3
41 58 3
41 59 3
41 60 3
41 62 3
41 64 3
41 65 3
41 68 3
41 69 3
41 72 3
41 73 3
41 74 3
41 75 3
41 76 3
41 79 3
41 80 3
41 81 3
41 83 3
41 86 3
41 87 3
41 89 3
41 90 3
41 91 3
41 93 3
41 94 3
41 98 3
41 100 3
42 2 3
42 3 3
42 4 3
42 7 3
42 8 3
42 10 3
42 13 3
42 14 3
42 15 3
42 16 3
42 17 3
42 20 3
42 22 3
42 24 3
42 25 3
42 26 3
42 27 3
42 28 3
42 29 3
42 30 3
42 32 3
42 34 3
42 36 3
42 37 3
42 38 3
42 39 3
42 41 3
42 42 3
42 43 3
42 44 3
42 45 3
42 46 3
42 47 3
42 49 3
42 51 3
42 52 3
42 53 3
42 56 3
42 58 3
42 60 3
42 61 3
42 64 3
42 68 3
42 70 3
42 72 3
42 73 3
42 74 3
42 75 3
42 77 3
42 81 3
42 83 3
42 85 3
42 87 3
42 89 3
42 91 3
42 92 3
42 93 3
42 95 3
42 96 3
42 97 3
42 98 3
42 100 3
43 4 3
43 5 3
43 6 3
43 8 3
43 10 3
43 11 3
43 12 3
43 13 3
43 18 3
43 20 3
43 21 3
43 22 3
43 24 3
43 26 3
43 28 3
43 29 3
43 30 3
43 32 3
43 33 3
43 34 3
43 35 3
43 36 3
43 37 3
43 39 3
43 40 3
43 42 3
43 43 3
43 44 3
43 45 3
43 46 3
43 47 3
43 48 3
43 50 3
43 51 3
43 53 3
43 54 3
43 55 3
43 58 3
43 59 3
43 60 3
43 61 3
43 62 3
43 63 3
43 64 3
43 65 3
43 67 3
43 68 3
43 70 3
43 73 3
43 74 3
43 76 3
43 78 3
43 82 3
43 83 3
43 84 3
43 85 3
43 87 3
43 88 3
43 89 3
43 90 3
43 91 3
43 92 3
43 93 3
43 95 3
43 96 3
43 97 3
43 98 3
43 100 3
44 1 3
44 3 3
44 4 3
44 5 3
44 6 3
44 7 3
44 9 3
44 10 3
44 11 3
44 12 3
44 14 3
44 15 3
44 16 3
44 17 3
44 18 3
44 20 3
44 21 3
44 25 3
44 26 3
44 28 3
44 29 3
44 30 3
44 32 3
44 33 3
44 34 3
44 37 3
44 41 3
44 42 3
44 43 3
44 44 3
44 45 3
44 46 3
44 47 3
44 48 3
44 50 3
44 51 3
44 53 3
44 55 3
44 56 3
44 57 3
44 58 3
44 60 3
44 61 3
44 63 3
44 66 3
44 67 3
44 69 3
44 70 3
44 73 3
44 75 3
44 76 3
44 78 3
44 79 3
44 80 3
44 81 3
44 83 3
44 84 3
44 85 3
44 86 3
44 87 3
44 88 3
44 89 3
44 90 3
44 91 3
44 93 3
44 94 3
44 95 3
44 96 3
44 97 3
44 98 3
44 100 3
45 1 3
45 2 3
45 3 3
45 4 3
45 5 3
45 6 3
45 7 3
45 8 3
45 12 3
45 13 3
45 14 3
45 19 3
45 20 3
45 21 3
45 22 3
45 25 3
45 26 3
45 27 3
45 28 3
45 30 3
45 31 3
45 33 3
45 35 3
45 37 3
45 39 3
45 40 3
45 41 3
45 42 3
45 43 3
45 45 3
45 46 3
45 47 3
45 48 3
45 49 3
45 50 3
45 51 3
45 52 3
45 53 3
45 54 3
45 55 3
45 57 3
45 58 3
45 59 3
45 60 3
45 62 3
45 64 3
45 67 3
45 68 3
45 70 3
45 72 3
45 73 3
45 75 3
45 76 3
45 78 3
45 81 3
45 82 3
45 83 3
45 85 3
45 86 3
45 87 3
45 88 3
45 90 3
45 91 3
45 92 3
45 94 3
45 95 3
45 96 3
45 97 3
45 98 3
45 99 3
46 1 3
46 2 3
46 3 3
46 9 3
46 11 3
46 12 3
46 15 3
46 18 3
46 19 3
46 21 3
46 22 3
46 23 3
46 25 3
46 26 3
46 27 3
46 28 3
46 30 3
46 32 3
46 35 3
46 36 3
46 37 3
46 38 3
46 39 3
46 41 3
46 42 3
46 44 3
46 45 3
46 46 3
46 47 3
46 48 3
46 49 3
46 51 3
46 52 3
46 53 3
46 54 3
46 55 3
46 56 3
46 57 3
46 61 3
46 63 3
46 65 3
46 66 3
46 69 3
46 73 3
46 74 3
46 75 3
46 77 3
46 79 3
46 82 3
46 83 3
46 85 3
46 86 3
46 87 3
46 88 3
46 89 3
46 91 3
46 92 3
46 93 3
46 96 3
46 99 3
46 100 3
47 3 3
47 4 3
47 5 3
47 6 3
47 7 3
47 8 3
47 10 3
47 11 3
47 12 3
47 14 3
47 16 3
47 17 3
47 18 3
47 20 3
47 21 3
47 22 3
47 24 3
47 26 3
47 27 3
47 28 3
47 29 3
47 30 3
47 31 3
47 33 3
47 34 3
47 35 3
47 36 3
47 37 3
47 42 3
47 44 3
47 47 3
47 48 3
47 50 3
47 51 3
47 52 3
47 53 3
47 54 3
47 55 3
47 56 3
47 58 3
47 59 3
47 61 3
47 63 3
47 65 3
47 66 3
47 67 3
47 68 3
47 70 3
47 71 3
47 72 3
47 73 3
47 74 3
47 75 3
47 76 3
47 77 3
47 78 3
47 79 3
47 80 3
47 81 3
47 82 3
47 84 3
47 85 3
47 87 3
47 88 3
47 89 3
47 91 3
47 93 3
47 94 3
47 95 3
47 97 3
47 98 3
48 1 3
48 2 3
48 3 3
48 4 3
48 5 3
48 7 3
48 8 3
48 10 3
48 11 3
48 12 3
48 14 3
48 15 3
48 16 3
48 17 3
48 18 3
48 19 3
48 20 3
48 23 3
48 24 3
48 25 3
48 28 3
48 29 3
48 30 3
48 31 3
48 33 3
48 34 3
48 36 3
48 37 3
48 38 3
48 39 3
48 40 3
48 41 3
48 42 3
48 43 3
48 45 3
48 46 3
48 48 3
48 50 3
48 52 3
48 53 3
48 54 3
48 56 3
48 58 3
48 60 3
48 61 3
48 62 3
48 63 3
48 65 3
48 68 3
48 70 3
48 73 3
48 74 3
48 75 3
48 78 3
48 79 3
48 80 3
48 81 3
48 82 3
48 84 3
48 85 3
48 86 3
48 87 3
48 88 3
48 91 3
48 92 3
48 95 3
48 96 3
48 97 3
48 98 3
48 100 3
49 1 3
49 2 3
49 5 3
49 7 3
49 8 3
49 9 3
49 10 3
49 12 3
49 14 3
49 15 3
49 17 3
49 19 3
49 20 3
49 21 3
49 23 3
49 24 3
49 25 3
49 26 3
49 27 3
49 28 3
49 29 3
49 31 3
49 33 3
49 34 3
49 35 3
49 36 3
49 37 3
49 38 3
49 42 3
49 44 3
49 45 3
49 47 3
49 48 3
49 49 3
49 50 3
49 51 3
49 52 3
49 53 3
49 55 3
49 58 3
49 60 3
49 61 3
49 62 3
49 64 3
49 65 3
49 66 3
49 67 3
49 69 3
49 71 3
49 72 3
49 73 3
49 74 3
49 75 3
49 76 3
49 77 3
49 79 3
49 82 3
49 83 3
49 84 3
49 85 3
49 87 3
49 89 3
49 90 3
49 91 3
49 92 3
49 94 3
49 95 3
49 97 3
49 99 3
49 100 3
50 1 3
50 2 3
50 3 3
50 5 3
50 6 3
50 8 3
50 11 3
50 12 3
50 14 3
50 17 3
50 18 3
50 19 3
50 20 3
50 22 3
50 23 3
50 24 3
50 26 3
50 27 3
50 29 3
50 31 3
50 32 3
50 34 3
50 37 3
50 39 3
50 41 3
50 44 3
50 45 3
50 46 3
50 47 3
50 49 3
50 50 3
50 52 3
50 53 3
50 54 3
50 55 3
50 56 3
50 58 3
50 59 3
50 61 3
50 64 3
50 65 3
50 66 3
50 70 3
50 71 3
50 72 3
50 74 3
50 75 3
50 77 3
50 79 3
50 80 3
50 82 3
50 84 3
50 85 3
50 86 3
50 87 3
50 88 3
50 89 3
50 90 3
50 91 3
50 92 3
50 93 3
50 94 3
50 95 3
50 100 3
51 2 3
51 4 3
51 5 3
51 6 3
51 7 3
51 8 3
51 9 3
51 10 3
51 11 3
51 18 3
51 19 3
51 20 3
51 21 3
51 22 3
51 23 3
51 24 3
51 25 3
51 27 3
51 29 3
51 30 3
51 31 3
51 32 3
51 34 3
51 35 3
51 36 3
51 37 3
51 39 3
51 40 3
51 42 3
51 43 3
51 44 3
51 45 3
51 46 3
51 47 3
51 49 3
51 50 3
51 52 3
51 53 3
51 54 3
51 55 3
51 56 3
51 57 3
51 58 3
51 59 3
51 62 3
51 63 3
51 67 3
51 68 3
51 69 3
51 70 3
51 71 3
51 72 3
51 73 3
51 74 3
51 78 3
51 79 3
51 81 3
51 82 3
51 83 3
51 84 3
51 86 3
51 87 3
51 88 3
51 89 3
51 90 3
51 91 3
51 92 3
51 93 3
51 94 3
51 95 3
51 96 3
51 97 3
51 98 3
51 100 3
52 1 3
52 2 3
52 4 3
52 5 3
52 8 3
52 9 3
52 10 3
52 11 3
52 14 3
52 16 3
52 17 3
52 19 3
52 20 3
52 22 3
52 25 3
52 26 3
52 27 3
52 28 3
52 29 3
52 30 3
52 33 3
52 34 3
52 35 3
52 37 3
52 38 3
52 40 3
52 42 3
52 43 3
52 49 3
52 53 3
52 54 3
52 55 3
52 57 3
52 60 3
52 63 3
52 65 3
52 67 3
52 68 3
52 69 3
52 71 3
52 72 3
52 73 3
52 74 3
52 77 3
52 78 3
52 79 3
52 80 3
52 82 3
52 84 3
52 90 3
52 92 3
52 94 3
52 97 3
52 98 3
52 99 3
53 1 3
53 2 3
53 3 3
53 4 3
53 5 3
53 6 3
53 7 3
53 8 3
53 9 3
53 10 3
53 11 3
53 12 3
53 14 3
53 17 3
53 18 3
53 20 3
53 22 3
53 24 3
53 25 3
53 26 3
53 29 3
53 32 3
53 33 3
53 34 3
53 36 3
53 37 3
53 38 3
53 39 3
53 40 3
53 41 3
53 42 3
53 43 3
53 44 3
53 45 3
53 47 3
53 49 3
53 50 3
53 52 3
53 53 3
53 54 3
53 55 3
53 56 3
53 57 3
53 58 3
53 59 3
53 61 3
53 63 3
53 64 3
53 65 3
53 66 3
53 67 3
53 68 3
53 70 3
53 71 3
53 72 3
53 73 3
53 76 3
53 77 3
53 80 3
53 81 3
53 82 3
53 83 3
53 84 3
53 85 3
53 87 3
53 88 3
53 90 3
53 91 3
53 92 3
53 93 3
53 94 3
53 95 3
53 96 3
53 98 3
53 99 3
54 2 3
54 3 3
54 4 3
54 5 3
54 7 3
54 8 3
54 9 3
54 10 3
54 11 3
54 12 3
54 13 3
54 14 3
54 15 3
54 17 3
54 18 3
54 20 3
54 21 3
54 22 3
54 24 3
54 25 3
54 26 3
54 27 3
54 29 3
54 30 3
54 31 3
54 35 3
54 36 3
54 37 3
54 38 3
54 39 3
54 43 3
54 44 3
54 46 3
54 47 3
54 48 3
54 51 3
54 52 3
54 53 3
54 55 3
54 56 3
54 58 3
54 60 3
54 61 3
54 62 3
54 63 3
54 65 3
54 69 3
54 70 3
54 71 3
54 72 3
54 73 3
54 74 3
54 75 3
54 76 3
54 78 3
54 79 3
54 80 3
54 81 3
54 82 3
54 84 3
54 85 3
54 86 3
54 87 3
54 89 3
54 90 3
54 91 3
54 92 3
54 93 3
54 94 3
54 95 3
54 97 3
54 99 3
55 1 3
55 3 3
55 4 3
55 5 3
55 6 3
55 7 3
55 8 3
55 9 3
55 12 3
55 13 3
55 17 3
55 18 3
55 19 3
55 20 3
55 21 3
55 22 3
55 23 3
55 28 3
55 29 3
55 30 3
55 31 3
55 32 3
55 33 3
55 34 3
55 35 3
55 37 3
55 38 3
55 39 3
55 42 3
55 46 3
55 47 3
55 48 3
55 50 3
55 51 3
55 52 3
55 53 3
55 54 3
55 55 3
55 56 3
55 57 3
55 59 3
55 61 3
55 62 3
55 64 3
55 65 3
55 67 3
55 68 3
55 69 3
55 70 3
55 71 3
55 74 3
55 77 3
55 79 3
55 80 3
55 81 3
55 82 3
55 84 3
55 85 3
55 86 3
55 87 3
55 88 3
55 89 3
55 90 3
55 91 3
55 93 3
55 95 3
55 96 3
55 97 3
55 99 3
55 100 3
56 2 3
56 3 3
56 4 3
56 5 3
56 6 3
56 7 3
56 8 3
56 9 3
56 10 3
56 12 3
56 13 3
56 15 3
56 16 3
56 18 3
56 19 3
56 20 3
56 22 3
56 23 3
56 25 3
56 27 3
56 28 3
56 29 3
56 30 3
56 31 3
56 32 3
56 33 3
56 35 3
56 36 3
56 37 3
56 38 3
56 39 3
56 40 3
56 41 3
56 42 3
56 43 3
56 44 3
56 45 3
56 46 3
56 47 3
56 48 3
56 49 3
56 52 3
56 53 3
56 55 3
56 57 3
56 58 3
56 60 3
56 62 3
56 64 3
56 66 3
56 67 3
56 71 3
56 72 3
56 73 3
56 74 3
56 76 3
56 77 3
56 78 3
56 80 3
56 81 3
56 82 3
56 84 3
56 85 3
56 87 3
56 88 3
56 90 3
56 91 3
56 92 3
56 93 3
56 94 3
56 95 3
56 96 3
56 97 3
56 98 3
56 99 3
56 100 3
57 1 3
57 3 3
57 4 3
57 6 3
57 7 3
57 12 3
57 13 3
57 14 3
57 16 3
57 17 3
57 19 3
57 20 3
57 21 3
57 23 3
57 24 3
57 25 3
57 27 3
57 28 3
57 29 3
57 30 3
57 31 3
57 32 3
57 33 3
57 34 3
57 36 3
57 37 3
57 38 3
57 40 3
57 41 3
57 43 3
57 45 3
57 46 3
57 47 3
57 48 3
57 51 3
57 52 3
57 53 3
57 55 3
57 57 3
57 59 3
57 60 3
57 61 3
57 62 3
57 63 3
57 66 3
57 67 3
57 68 3
57 69 3
57 70 3
57 71 3
57 72 3
57 74 3
57 75 3
57 76 3
57 77 3
57 78 3
57 79 3
57 80 3
57 82 3
57 83 3
57 85 3
57 87 3
57 88 3
57 89 3
57 90 3
57 92 3
57 93 3
57 94 3
57 97 3
57 98 3
57 100 3
58 1 3
58 4 3
58 6 3
58 7 3
58 8 3
58 11 3
58 12 3
58 13 3
58 14 3
58 15 3
58 16 3
58 18 3
58 19 3
58 20 3
58 21 3
58 22 3
58 23 3
58 26 3
58 27 3
58 28 3
58 30 3
58 31 3
58 32 3
58 33 3
58 34 3
58 37 3
58 38 3
58 39 3
58 40 3
58 41 3
58 42 3
58 45 3
58 46 3
58 47 3
58 48 3
58 49 3
58 50 3
58 52 3
58 53 3
58 54 3
58 55 3
58 56 3
58 57 3
58 59 3
58 60 3
58 61 3
58 64 3
58 65 3
58 66 3
58 67 3
58 69 3
58 70 3
58 71 3
58 72 3
58 73 3
58 74 3
58 75 3
58 77 3
58 79 3
58 82 3
58 84 3
58 85 3
58 86 3
58 87 3
58 88 3
58 89 3
58 90 3
58 91 3
58 92 3
58 94 3
58 96 3
58 98 3
58 99 3
58 100 3
59 1 3
59 2 3
59 3 3
59 4 3
59 5 3
59 6 3
59 7 3
59 8 3
59 9 3
59 10 3
59 11 3
59 12 3
59 13 3
59 14 3
59 16 3
59 17 3
59 18 3
59 19 3
59 20 3
59 21 3
59 23 3
59 24 3
59 25 3
59 26 3
59 27 3
59 31 3
59 32 3
59 33 3
59 35 3
59 36 3
59 37 3
59 38 3
59 40 3
59 42 3
59 43 3
59 44 3
59 45 3
59 47 3
59 48 3
59 49 3
59 50 3
59 51 3
59 52 3
59 53 3
59 56 3
59 58 3
59 59 3
59 61 3
59 62 3
59 65 3
59 66 3
59 67 3
59 68 3
59 69 3
59 70 3
59 71 3
59 73 3
59 75 3
59 76 3
59 78 3
59 79 3
59 81 3
59 85 3
59 87 3
59 89 3
59 91 3
59 92 3
59 94 3
59 96 3
59 97 3
59 98 3
59 99 3
60 2 3
60 4 3
60 5 3
60 7 3
60 8 3
60 9 3
60 10 3
60 11 3
60 13 3
60 15 3
60 16 3
60 17 3
60 19 3
60 20 3
60 23 3
60 25 3
60 26 3
60 27 3
60 28 3
60 33 3
60 34 3
60 35 3
60 36 3
60 39 3
60 42 3
60 43 3
60 44 3
60 46 3
60 47 3
60 48 3
60 49 3
60 50 3
60 51 3
60 52 3
60 53 3
60 55 3
60 56 3
60 57 3
60 59 3
60 60 3
60 61 3
60 63 3
60 64 3
60 65 3
60 66 3
60 67 3
60 68 3
60 69 3
60 70 3
60 71 3
60 73 3
60 74 3
60 75 3
60 76 3
60 77 3
60 79 3
60 80 3
60 81 3
60 83 3
60 84 3
60 86 3
60 87 3
60 88 3
60 89 3
60 91 3
60 92 3
60 94 3
60 95 3
60 96 3
60 97 3
60 99 3
60 100 3
61 1 3
61 2 3
61 5 3
61 6 3
61 7 3
61 8 3
61 9 3
61 10 3
61 12 3
61 14 3
61 15 3
61 16 3
61 18 3
61 20 3
61 21 3
61 22 3
61 24 3
61 25 3
61 26 3
61 27 3
61 28 3
61 29 3
61 30 3
61 31 3
61 32 3
61 34 3
61 37 3
61 38 3
61 39 3
61 40 3
61 41 3
61 42 3
61 44 3
61 46 3
61 47 3
61 48 3
61 52 3
61 53 3
61 54 3
61 55 3
61 56 3
61 57 3
61 58 3
61 59 3
61 60 3
61 61 3
61 64 3
61 66 3
61 68 3
61 70 3
61 71 3
61 72 3
61 73 3
61 74 3
61 77 3
61 78 3
61 79 3
61 81 3
61 83 3
61 85 3
61 87 3
61 88 3
61 89 3
61 92 3
61 93 3
61 94 3
61 95 3
61 96 3
61 97 3
61 98 3
61 99 3
62 1 3
62 2 3
62 3 3
62 4 3
62 6 3
62 7 3
62 8 3
62 9 3
62 11 3
62 12 3
62 13 3
62 14 3
62 17 3
62 18 3
62 19 3
62 20 3
62 21 3
62 23 3
62 24 3
62 25 3
62 26 3
62 27 3
62 28 3
62 29 3
62 31 3
62 32 3
62 33 3
62 34 3
62 40 3
62 41 3
62 44 3
62 45 3
62 46 3
62 48 3
62 49 3
62 50 3
62 51 3
62 52 3
62 53 3
62 54 3
62 55 3
62 56 3
62 57 3
62 61 3
62 62 3
62 63 3
62 64 3
62 65 3
62 66 3
62 67 3
62 69 3
62 70 3
62 71 3
62 72 3
62 74 3
62 76 3
62 77 3
62 80 3
62 82 3
62 83 3
62 85 3
62 86 3
62 87 3
62 88 3
62 89 3
62 90 3
62 91 3
62 92 3
62 93 3
62 95 3
62 96 3
62 99 3
62 100 3
63 1 3
63 3 3
63 4 3
63 5 3
63 6 3
63 7 3
63 8 3
63 10 3
63 12 3
63 14 3
63 15 3
63 18 3
63 20 3
63 22 3
63 23 3
63 25 3
63 26 3
63 27 3
63 28 3
63 29 3
63 30 3
63 31 3
63 32 3
63 33 3
63 34 3
63 35 3
63 36 3
63 37 3
63 38 3
63 39 3
63 41 3
63 42 3
63 43 3
63 44 3
63 45 3
63 46 3
63 47 3
63 49 3
63 52 3
63 53 3
63 55 3
63 56 3
63 58 3
63 59 3
63 60 3
63 61 3
63 64 3
63 65 3
63 66 3
63 67 3
63 68 3
63 69 3
63 70 3
63 73 3
63 74 3
63 76 3
63 77 3
63 78 3
63 79 3
63 81 3
63 82 3
63 83 3
63 85 3
63 86 3
63 88 3
63 89 3
63 90 3
63 91 3
63 93 3
63 94 3
63 95 3
63 96 3
63 99 3
63 100 3
64 1 3
64 2 3
64 3 3
64 4 3
64 5 3
64 7 3
64 8 3
64 9 3
64 11 3
64 12 3
64 14 3
64 15 3
64 16 3
64 18 3
64 19 3
64 21 3
64 25 3
64 31 3
64 33 3
64 34 3
64 35 3
64 37 3
64 38 3
64 39 3
64 41 3
64 43 3
64 45 3
64 46 3
64 49 3
64 50 3
64 51 3
64 52 3
64 53 3
64 54 3
64 55 3
64 56 3
64 57 3
64 58 3
64 62 3
64 63 3
64 65 3
64 66 3
64 67 3
64 68 3
64 70 3
64 72 3
64 74 3
64 75 3
64 76 3
64 80 3
64 81 3
64 82 3
64 83 3
64 84 3
64 86 3
64 88 3
64 90 3
64 92 3
64 94 3
64 95 3
64 96 3
64 97 3
64 99 3
64 100 3
65 1 3
65 2 3
65 3 3
65 4 3
65 5 3
65 6 3
65 8 3
65 9 3
65 12 3
65 13 3
65 14 3
65 15 3
65 16 3
65 17 3
65 18 3
65 19 3
65 20 3
65 21 3
65 22 3
65 23 3
65 26 3
65 27 3
65 30 3
65 32 3
65 33 3
65 34 3
65 35 3
65 36 3
65 37 3
65 39 3
65 40 3
65 41 3
65 42 3
65 44 3
65 45 3
65 46 3
65 47 3
65 48 3
65 50 3
65 51 3
65 52 3
65 53 3
65 55 3
65 56 3
65 57 3
65 59 3
65 61 3
65 62 3
65 63 3
65 67 3
65 68 3
65 70 3
65 71 3
65 72 3
65 73 3
65 75 3
65 76 3
65 77 3
65 78 3
65 79 3
65 80 3
65 83 3
65 84 3
65 85 3
65 87 3
65 88 3
65 90 3
65 91 3
65 92 3
65 93 3
65 94 3
65 95 3
65 96 3
65 97 3
65 98 3
65 99 3
65 100 3
66 1 3
66 5 3
66 6 3
66 8 3
66 9 3
66 11 3
66 13 3
66 14 3
66 16 3
66 19 3
66 22 3
66 23 3
66 25 3
66 26 3
66 27 3
66 29 3
66 31 3
66 32 3
66 33 3
66 36 3
66 37 3
66 38 3
66 39 3
66 40 3
66 42 3
66 43 3
66 44 3
66 47 3
66 48 3
66 49 3
66 50 3
66 51 3
66 52 3
66 54 3
66 55 3
66 57 3
66 58 3
66 59 3
66 61 3
66 63 3
66 64 3
66 65 3
66 66 3
66 67 3
66 68 3
66 71 3
66 73 3
66 74 3
66 76 3
66 78 3
66 79 3
66 80 3
66 82 3
66 83 3
66 84 3
66 86 3
66 87 3
66 88 3
66 89 3
66 90 3
66 93 3
66 94 3
66 95 3
66 96 3
66 98 3
67 2 3
67 3 3
67 4 3
67 8 3
67 9 3
67 10 3
67 13 3
67 14 3
67 15 3
67 16 3
67 17 3
67 19 3
67 20 3
67 22 3
67 23 3
67 24 3
67 25 3
67 26 3
67 27 3
67 28 3
67 30 3
67 31 3
67 32 3
67 38 3
67 39 3
67 40 3
67 41 3
67 42 3
67 44 3
67 45 3
67 47 3
67 48 3
67 49 3
67 50 3
67 51 3
67 52 3
67 55 3
67 58 3
67 59 3
67 60 3
67 61 3
67 63 3
67 65 3
67 66 3
67 67 3
67 68 3
67 69 3
67 70 3
67 71 3
67 72 3
67 73 3
67 75 3
67 76 3
67 78 3
67 79 3
67 81 3
67 83 3
67 85 3
67 89 3
67 90 3
67 91 3
67 92 3
67 93 3
67 94 3
67 95 3
67 99 3
68 1 3
68 2 3
68 4 3
68 7 3
68 9 3
68 10 3
68 12 3
68 13 3
68 14 3
68 16 3
68 17 3
68 19 3
68 22 3
68 23 3
68 25 3
68 26 3
68 28 3
68 30 3
68 31 3
68 32 3
68 33 3
68 34 3
68 35 3
68 36 3
68 37 3
68 38 3
68 39 3
68 40 3
68 41 3
68 42 3
68 43 3
68 44 3
68 45 3
68 47 3
68 48 3
68 49 3
68 51 3
68 52 3
68 53 3
68 54 3
68 56 3
68 57 3
68 58 3
68 59 3
68 60 3
68 61 3
68 62 3
68 63 3
68 64 3
68 66 3
68 67 3
68 69 3
68 70 3
68 71 3
68 72 3
68 74 3
68 75 3
68 76 3
68 78 3
68 79 3
68 80 3
68 81 3
68 82 3
68 83 3
68 84 3
68 85 3
68 86 3
68 87 3
68 91 3
68 93 3
68 97 3
68 100 3
69 1 3
69 5 3
69 6 3
69 7 3
69 8 3
69 9 3
69 11 3
69 12 3
69 13 3
69 14 3
69 15 3
69 18 3
69 19 3
69 22 3
69 24 3
69 27 3
69 28 3
69 30 3
69 31 3
69 32 3
69 33 3
69 34 3
69 35 3
69 36 3
69 37 3
69 39 3
69 41 3
69 43 3
69 44 3
69 45 3
69 46 3
69 47 3
69 49 3
69 50 3
69 51 3
69 53 3
69 54 3
69 56 3
69 57 3
69 58 3
69 59 3
69 60 3
69 61 3
69 62 3
69 63 3
69 65 3
69 66 3
69 67 3
69 68 3
69 71 3
69 72 3
69 73 3
69 74 3
69 75 3
69 76 3
69 77 3
69 78 3
69 79 3
69 80 3
69 81 3
69 82 3
69 83 3
69 84 3
69 85 3
69 86 3
69 87 3
69 88 3
69 89 3
69 90 3
69 92 3
69 93 3
69 94 3
69 95 3
69 96 3
69 97 3
69 98 3
69 99 3
69 100 3
70 1 3
70 2 3
70 3 3
70 5 3
70 6 3
70 7 3
70 8 3
70 10 3
70 12 3
70 14 3
70 15 3
70 20 3
70 22 3
70 24 3
70 25 3
70 26 3
70 28 3
70 29 3
70 30 3
70 31 3
70 32 3
70 33 3
70 36 3
70 38 3
70 40 3
70 41 3
70 42 3
70 43 3
70 44 3
70 45 3
70 46 3
70 47 3
70 49 3
70 50 3
70 52 3
70 53 3
70 54 3
70 55 3
70 56 3
70 58 3
70 59 3
70 60 3
70 62 3
70 64 3
70 65 3
70 68 3
70 69 3
70 70 3
70 71 3
70 72 3
70 75 3
70 76 3
70 77 3
70 78 3
70 79 3
70 81 3
70 83 3
70 84 3
70 87 3
70 88 3
70 89 3
70 90 3
70 92 3
70 94 3
70 95 3
70 96 3
70 97 3
70 100 3
71 1 3
71 2 3
71 3 3
71 4 3
71 5 3
71 6 3
71 8 3
71 9 3
71 10 3
71 13 3
71 14 3
71 15 3
71 16 3
71 18 3
71 19 3
71 20 3
71 21 3
71 22 3
71 23 3
71 24 3
71 25 3
71 26 3
71 27 3
71 29 3
71 31 3
71 32 3
71 33 3
71 34 3
71 35 3
71 36 3
71 37 3
71 38 3
71 39 3
71 40 3
71 44 3
71 46 3
71 48 3
71 49 3
71 50 3
71 51 3
71 53 3
71 54 3
71 55 3
71 56 3
71 57 3
71 61 3
71 64 3
71 65 3
71 66 3
71 67 3
71 68 3
71 69 3
71 70 3
71 73 3
71 74 3
71 75 3
71 76 3
71 78 3
71 81 3
71 82 3
71 83 3
71 84 3
71 86 3
71 87 3
71 91 3
71 92 3
71 93 3
71 94 3
71 97 3
71 99 3
71 100 3
72 1 3
72 2 3
72 3 3
72 4 3
72 5 3
72 6 3
72 7 3
72 10 3
72 11 3
72 12 3
72 13 3
72 14 3
72 15 3
72 16 3
72 17 3
72 19 3
72 20 3
72 21 3
72 23 3
72 25 3
72 26 3
72 28 3
72 29 3
72 30 3
72 32 3
72 33 3
72 34 3
72 35 3
72 36 3
72 37 3
72 38 3
72 39 3
72 42 3
72 44 3
72 46 3
72 47 3
72 49 3
72 50 3
72 51 3
72 52 3
72 53 3
72 54 3
72 55 3
72 57 3
72 58 3
72 59 3
72 60 3
72 62 3
72 65 3
72 66 3
72 67 3
72 68 3
72 69 3
72 71 3
72 72 3
72 73 3
72 74 3
72 75 3
72 76 3
72 77 3
72 78 3
72 80 3
72 81 3
72 83 3
72 84 3
72 85 3
72 88 3
72 90 3
72 93 3
72 94 3
72 95 3
72 96 3
72 99 3
72 100 3
73 1 3
73 2 3
73 3 3
73 5 3
73 6 3
73 7 3
73 9 3
73 10 3
73 12 3
73 13 3
73 14 3
73 15 3
73 16 3
73 17 3
73 18 3
73 19 3
73 20 3
73 21 3
73 22 3
73 25 3
73 26 3
73 27 3
73 28 3
73 29 3
73 30 3
73 31 3
73 32 3
73 36 3
73 38 3
73 39 3
73 41 3
73 42 3
73 46 3
73 47 3
73 48 3
73 49 3
73 51 3
73 53 3
73 54 3
73 56 3
73 57 3
73 58 3
73 61 3
73 62 3
73 63 3
73 64 3
73 67 3
73 71 3
73 72 3
73 73 3
73 76 3
73 78 3
73 79 3
73 82 3
73 83 3
73 84 3
73 85 3
73 86 3
73 87 3
73 88 3
73 90 3
73 92 3
73 95 3
73 97 3
73 99 3
73 100 3
74 2 3
74 3 3
74 5 3
74 6 3
74 9 3
74 10 3
74 11 3
74 12 3
74 13 3
74 14 3
74 15 3
74 16 3
74 17 3
74 21 3
74 23 3
74 24 3
74 25 3
74 26 3
74 27 3
74 28 3
74 29 3
74 30 3
74 31 3
74 33 3
74 34 3
74 36 3
74 37 3
74 38 3
74 39 3
74 41 3
74 43 3
74 46 3
74 47 3
74 48 3
74 49 3
74 50 3
74 52 3
74 55 3
74 56 3
74 57 3
74 59 3
74 60 3
74 62 3
74 64 3
74 65 3
74 67 3
74 68 3
74 70 3
74 71 3
74 73 3
74 74 3
74 75 3
74 78 3
74 79 3
74 80 3
74 81 3
74 82 3
74 83 3
74 85 3
74 86 3
74 87 3
74 88 3
74 89 3
74 91 3
74 92 3
74 93 3
74 95 3
74 96 3
74 97 3
74 98 3
75 3 3
75 4 3
75 7 3
75 8 3
75 9 3
75 10 3
75 12 3
75 13 3
75 14 3
75 15 3
75 16 3
75 17 3
75 18 3
75 19 3
75 20 3
75 21 3
75 22 3
75 27 3
75 28 3
75 29 3
75 30 3
75 31 3
75 34 3
75 36 3
75 37 3
75 38 3
75 39 3
75 41 3
75 43 3
75 44 3
75 45 3
75 48 3
75 49 3
75 50 3
75 51 3
75 53 3
75 54 3
75 55 3
75 56 3
75 57 3
75 58 3
75 59 3
75 60 3
75 61 3
75 62 3
75 64 3
75 66 3
75 69 3
75 70 3
75 72 3
75 73 3
75 75 3
75 76 3
75 77 3
75 78 3
75 79 3
75 80 3
75 82 3
75 83 3
75 84 3
75 85 3
75 87 3
75 88 3
75 89 3
75 93 3
75 94 3
75 96 3
75 98 3
75 99 3
75 100 3
76 1 3
76 2 3
76 3 3
76 4 3
76 6 3
76 7 3
76 9 3
76 10 3
76 11 3
76 12 3
76 15 3
76 16 3
76 19 3
76 21 3
76 23 3
76 24 3
76 25 3
76 26 3
76 27 3
76 28 3
76 29 3
76 31 3
76 33 3
76 34 3
76 35 3
76 36 3
76 37 3
76 38 3
76 40 3
76 41 3
76 42 3
76 43 3
76 44 3
76 45 3
76 46 3
76 47 3
76 48 3
76 50 3
76 51 3
76 53 3
76 54 3
76 55 3
76 59 3
76 60 3
76 61 3
76 62 3
76 63 3
76 65 3
76 66 3
76 67 3
76 68 3
76 69 3
76 70 3
76 71 3
76 72 3
76 73 3
76 74 3
76 75 3
76 76 3
76 77 3
76 78 3
76 80 3
76 81 3
76 83 3
76 84 3
76 85 3
76 86 3
76 87 3
76 88 3
76 90 3
76 91 3
76 92 3
76 99 3
76 100 3
77 1 3
77 2 3
77 3 3
77 4 3
77 5 3
77 6 3
77 13 3
77 14 3
77 19 3
77 20 3
77 21 3
77 25 3
77 26 3
77 27 3
77 28 3
77 29 3
77 31 3
77 33 3
77 35 3
77 36 3
77 38 3
77 39 3
77 40 3
77 43 3
77 44 3
77 45 3
77 46 3
77 47 3
77 51 3
77 52 3
77 54 3
77 55 3
77 56 3
77 58 3
77 59 3
77 60 3
77 63 3
77 65 3
77 66 3
77 67 3
77 69 3
77 70 3
77 71 3
77 72 3
77 73 3
77 74 3
77 75 3
77 76 3
77 77 3
77 79 3
77 81 3
77 83 3
77 84 3
77 85 3
77 86 3
77 87 3
77 88 3
77 90 3
77 92 3
77 93 3
77 95 3
77 96 3
77 98 3
77 99 3
78 1 3
78 2 3
78 3 3
78 4 3
78 7 3
78 8 3
78 13 3
78 14 3
78 15 3
78 16 3
78 18 3
78 19 3
78 21 3
78 22 3
78 24 3
78 25 3
78 26 3
78 27 3
78 28 3
78 29 3
78 30 3
78 32 3
78 34 3
78 35 3
78 36 3
78 38 3
78 39 3
78 40 3
78 41 3
78 45 3
78 46 3
78 48 3
78 49 3
78 51 3
78 52 3
78 53 3
78 54 3
78 56 3
78 57 3
78 58 3
78 59 3
78 60 3
78 62 3
78 64 3
78 66 3
78 67 3
78 68 3
78 69 3
78 70 3
78 72 3
78 73 3
78 74 3
78 75 3
78 76 3
78 77 3
78 78 3
78 80 3
78 82 3
78 83 3
78 84 3
78 86 3
78 87 3
78 88 3
78 89 3
78 90 3
78 91 3
78 92 3
78 93 3
78 95 3
78 96 3
78 98 3
78 100 3
79 3 3
79 4 3
79 5 3
79 6 3
79 7 3
79 8 3
79 10 3
79 12 3
79 17 3
79 19 3
79 20 3
79 21 3
79 23 3
79 24 3
79 25 3
79 26 3
79 27 3
79 28 3
79 29 3
79 30 3
79 31 3
79 34 3
79 36 3
79 37 3
79 38 3
79 39 3
79 41 3
79 42 3
79 43 3
79 44 3
79 46 3
79 47 3
79 48 3
79 51 3
79 52 3
79 53 3
79 54 3
79 55 3
79 56 3
79 57 3
79 58 3
79 60 3
79 61 3
79 62 3
79 64 3
79 66 3
79 67 3
79 68 3
79 69 3
79 70 3
79 71 3
79 73 3
79 74 3
79 75 3
79 76 3
79 78 3
79 79 3
79 80 3
79 83 3
79 84 3
79 86 3
79 87 3
79 89 3
79 91 3
79 92 3
79 93 3
79 95 3
79 96 3
79 97 3
79 98 3
79 100 3
80 2 3
80 3 3
80 4 3
80 8 3
80 9 3
80 10 3
80 12 3
80 14 3
80 19 3
80 20 3
80 21 3
80 22 3
80 23 3
80 24 3
80 25 3
80 28 3
80 29 3
80 31 3
80 32 3
80 34 3
80 36 3
80 38 3
80 39 3
80 40 3
80 41 3
80 42 3
80 44 3
80 45 3
80 46 3
80 47 3
80 48 3
80 50 3
80 51 3
80 52 3
80 53 3
80 54 3
80 56 3
80 57 3
80 59 3
80 60 3
80 61 3
80 65 3
80 66 3
80 67 3
80 68 3
80 69 3
80 71 3
80 72 3
80 75 3
80 77 3
80 81 3
80 82 3
80 84 3
80 85 3
80 86 3
80 87 3
80 89 3
80 90 3
80 92 3
80 93 3
80 94 3
80 95 3
80 96 3
80 97 3
80 98 3
80 99 3
80 100 3
81 1 3
81 2 3
81 3 3
81 4 3
81 6 3
81 8 3
81 9 3
81 10 3
81 11 3
81 13 3
81 14 3
81 16 3
81 17 3
81 19 3
81 20 3
81 23 3
81 25 3
81 27 3
81 28 3
81 29 3
81 30 3
81 31 3
81 32 3
81 34 3
81 35 3
81 36 3
81 38 3
81 39 3
81 40 3
81 41 3
81 43 3
81 44 3
81 45 3
81 46 3
81 47 3
81 49 3
81 50 3
81 52 3
81 56 3
81 57 3
81 59 3
81 60 3
81 61 3
81 64 3
81 65 3
81 66 3
81 67 3
81 69 3
81 71 3
81 72 3
81 75 3
81 76 3
81 82 3
81 83 3
81 86 3
81 87 3
81 89 3
81 91 3
81 93 3
81 94 3
81 96 3
81 98 3
81 99 3
81 100 3
82 1 3
82 2 3
82 4 3
82 5 3
82 6 3
82 8 3
82 9 3
82 10 3
82 11 3
82 12 3
82 14 3
82 15 3
82 17 3
82 19 3
82 21 3
82 23 3
82 24 3
82 25 3
82 26 3
82 27 3
82 32 3
82 34 3
82 36 3
82 37 3
82 38 3
82 39 3
82 41 3
82 44 3
82 45 3
82 48 3
82 50 3
82 51 3
82 52 3
82 53 3
82 54 3
82 55 3
82 56 3
82 57 3
82 58 3
82 59 3
82 60 3
82 62 3
82 63 3
82 64 3
82 65 3
82 66 3
82 68 3
82 70 3
82 71 3
82 72 3
82 73 3
82 75 3
82 76 3
82 77 3
82 78 3
82 80 3
82 84 3
82 85 3
82 86 3
82 87 3
82 89 3
82 91 3
82 93 3
82 95 3
82 96 3
82 97 3
82 98 3
82 100 3
83 1 3
83 2 3
83 4 3
83 5 3
83 7 3
83 9 3
83 10 3
83 12 3
83 14 3
83 15 3
83 18 3
83 21 3
83 22 3
83 23 3
83 24 3
83 25 3
83 29 3
83 30 3
83 31 3
83 32 3
83 33 3
83 35 3
83 37 3
83 38 3
83 39 3
83 40 3
83 42 3
83 44 3
83 46 3
83 48 3
83 50 3
83 52 3
83 55 3
83 57 3
83 59 3
83 60 3
83 64 3
83 65 3
83 66 3
83 67 3
83 68 3
83 69 3
83 71 3
83 72 3
83 73 3
83 74 3
83 75 3
83 76 3
83 77 3
83 78 3
83 79 3
83 80 3
83 81 3
83 85 3
83 86 3
83 88 3
83 90 3
83 91 3
83 92 3
83 97 3
83 98 3
83 99 3
83 100 3
84 1 3
84 3 3
84 5 3
84 8 3
84 10 3
84 11 3
84 12 3
84 13 3
84 14 3
84 15 3
84 16 3
84 17 3
84 18 3
84 19 3
84 20 3
84 23 3
84 24 3
84 27 3
84 28 3
84 29 3
84 31 3
84 32 3
84 33 3
84 36 3
84 38 3
84 43 3
84 44 3
84 45 3
84 46 3
84 47 3
84 48 3
84 49 3
84 50 3
84 52 3
84 54 3
84 55 3
84 56 3
84 57 3
84 60 3
84 61 3
84 63 3
84 64 3
84 66 3
84 69 3
84 70 3
84 71 3
84 72 3
84 73 3
84 74 3
84 75 3
84 77 3
84 78 3
84 79 3
84 80 3
84 81 3
84 83 3
84 85 3
84 88 3
84 92 3
84 93 3
84 95 3
84 98 3
84 99 3
84 100 3
85 1 3
85 2 3
85 3 3
85 4 3
85 5 3
85 6 3
85 7 3
85 8 3
85 10 3
85 11 3
85 12 3
85 14 3
85 15 3
85 17 3
85 18 3
85 19 3
85 21 3
85 23 3
85 24 3
85 25 3
85 28 3
85 29 3
85 32 3
85 33 3
85 35 3
85 36 3
85 37 3
85 40 3
85 41 3
85 43 3
85 44 3
85 45 3
85 46 3
85 48 3
85 52 3
85 53 3
85 56 3
85 57 3
85 59 3
85 60 3
85 63 3
85 66 3
85 67 3
85 68 3
85 71 3
85 72 3
85 74 3
85 75 3
85 77 3
85 78 3
85 79 3
85 80 3
85 81 3
85 84 3
85 85 3
85 87 3
85 90 3
85 91 3
85 92 3
85 93 3
85 94 3
85 95 3
85 99 3
85 100 3
86 1 3
86 2 3
86 4 3
86 5 3
86 8 3
86 9 3
86 11 3
86 17 3
86 18 3
86 19 3
86 21 3
86 22 3
86 23 3
86 24 3
86 25 3
86 26 3
86 28 3
86 29 3
86 30 3
86 31 3
86 34 3
86 35 3
86 36 3
86 37 3
86 38 3
86 39 3
86 40 3
86 41 3
86 42 3
86 43 3
86 44 3
86 46 3
86 47 3
86 48 3
86 50 3
86 51 3
86 52 3
86 53 3
86 54 3
86 55 3
86 58 3
86 59 3
86 60 3
86 62 3
86 63 3
86 64 3
86 65 3
86 66 3
86 67 3
86 69 3
86 70 3
86 72 3
86 73 3
86 74 3
86 75 3
86 77 3
86 78 3
86 79 3
86 80 3
86 82 3
86 83 3
86 88 3
86 89 3
86 90 3
86 91 3
86 92 3
86 93 3
86 94 3
86 95 3
86 96 3
86 97 3
86 98 3
86 99 3
86 100 3
87 1 3
87 2 3
87 4 3
87 5 3
87 7 3
87 9 3
87 13 3
87 15 3
87 18 3
87 19 3
87 20 3
87 21 3
87 22 3
87 23 3
87 24 3
87 25 3
87 27 3
87 28 3
87 31 3
87 33 3
87 34 3
87 35 3
87 36 3
87 37 3
87 38 3
87 40 3
87 41 3
87 42 3
87 43 3
87 44 3
87 45 3
87 46 3
87 48 3
87 49 3
87 51 3
87 53 3
87 54 3
87 55 3
87 56 3
87 57 3
87 58 3
87 61 3
87 63 3
87 64 3
87 66 3
87 67 3
87 68 3
87 70 3
87 71 3
87 72 3
87 75 3
87 78 3
87 80 3
87 81 3
87 83 3
87 86 3
87 87 3
87 88 3
87 89 3
87 90 3
87 91 3
87 92 3
87 93 3
87 94 3
87 95 3
87 96 3
87 97 3
87 99 3
87 100 3
88 1 3
88 2 3
88 3 3
88 4 3
88 5 3
88 7 3
88 8 3
88 9 3
88 10 3
88 12 3
88 13 3
88 14 3
88 15 3
88 16 3
88 17 3
88 18 3
88 19 3
88 21 3
88 22 3
88 23 3
88 24 3
88 25 3
88 26 3
88 28 3
88 29 3
88 30 3
88 33 3
88 34 3
88 35 3
88 36 3
88 37 3
88 39 3
88 40 3
88 41 3
88 42 3
88 43 3
88 44 3
88 45 3
88 46 3
88 47 3
88 48 3
88 49 3
88 50 3
88 51 3
88 52 3
88 53 3
88 55 3
88 56 3
88 58 3
88 59 3
88 62 3
88 64 3
88 65 3
88 66 3
88 67 3
88 70 3
88 73 3
88 75 3
88 77 3
88 79 3
88 80 3
88 83 3
88 86 3
88 87 3
88 88 3
88 89 3
88 90 3
88 92 3
88 94 3
88 97 3
88 98 3
88 99 3
88 100 3
89 1 3
89 3 3
89 4 3
89 8 3
89 10 3
89 13 3
89 14 3
89 15 3
89 16 3
89 17 3
89 20 3
89 21 3
89 22 3
89 23 3
89 25 3
89 26 3
89 27 3
89 28 3
89 30 3
89 31 3
89 32 3
89 34 3
89 35 3
89 36 3
89 37 3
89 38 3
89 39 3
89 40 3
89 41 3
89 43 3
89 44 3
89 45 3
89 47 3
89 49 3
89 50 3
89 53 3
89 55 3
89 56 3
89 57 3
89 58 3
89 59 3
89 61 3
89 62 3
89 63 3
89 65 3
89 67 3
89 71 3
89 74 3
89 76 3
89 78 3
89 79 3
89 80 3
89 81 3
89 83 3
89 84 3
89 87 3
89 88 3
89 89 3
89 90 3
89 91 3
89 93 3
89 94 3
89 95 3
89 97 3
89 98 3
89 100 3
90 1 3
90 2 3
90 3 3
90 7 3
90 8 3
90 9 3
90 10 3
90 11 3
90 12 3
90 13 3
90 14 3
90 16 3
90 17 3
90 18 3
90 19 3
90 20 3
90 22 3
90 23 3
90 25 3
90 27 3
90 28 3
90 29 3
90 30 3
90 31 3
90 32 3
90 35 3
90 39 3
90 41 3
90 42 3
90 43 3
90 45 3
90 47 3
90 48 3
90 49 3
90 51 3
90 52 3
90 53 3
90 54 3
90 55 3
90 57 3
90 58 3
90 59 3
90 60 3
90 63 3
90 64 3
90 65 3
90 66 3
90 67 3
90 69 3
90 70 3
90 71 3
90 72 3
90 73 3
90 74 3
90 75 3
90 77 3
90 78 3
90 81 3
90 82 3
90 83 3
90 86 3
90 89 3
90 91 3
90 92 3
90 95 3
90 96 3
90 98 3
90 99 3
91 1 3
91 2 3
91 3 3
91 4 3
91 6 3
91 8 3
91 10 3
91 11 3
91 12 3
91 14 3
91 15 3
91 17 3
91 18 3
91 20 3
91 21 3
91 23 3
91 24 3
91 26 3
91 29 3
91 30 3
91 34 3
91 37 3
91 38 3
91 39 3
91 41 3
91 42 3
91 44 3
91 45 3
91 46 3
91 47 3
91 48 3
91 49 3
91 51 3
91 52 3
91 55 3
91 56 3
91 58 3
91 59 3
91 60 3
91 62 3
91 64 3
91 65 3
91 67 3
91 68 3
91 69 3
91 71 3
91 72 3
91 73 3
91 74 3
91 75 3
91 77 3
91 79 3
91 81 3
91 85 3
91 86 3
91 87 3
91 88 3
91 89 3
91 90 3
91 91 3
91 92 3
91 95 3
91 96 3
91 97 3
91 98 3
91 99 3
91 100 3
92 2 3
92 3 3
92 4 3
92 5 3
92 6 3
92 7 3
92 8 3
92 9 3
92 10 3
92 11 3
92 12 3
92 13 3
92 15 3
92 17 3
92 18 3
92 19 3
92 21 3
92 23 3
92 25 3
92 26 3
92 28 3
92 30 3
92 31 3
92 32 3
92 33 3
92 36 3
92 37 3
92 38 3
92 39 3
92 40 3
92 43 3
92 44 3
92 45 3
92 46 3
92 47 3
92 48 3
92 49 3
92 50 3
92 51 3
92 53 3
92 55 3
92 58 3
92 59 3
92 60 3
92 61 3
92 63 3
92 64 3
92 65 3
92 68 3
92 70 3
92 71 3
92 72 3
92 73 3
92 77 3
92 78 3
92 80 3
92 83 3
92 84 3
92 85 3
92 86 3
92 87 3
92 88 3
92 89 3
92 91 3
92 93 3
92 95 3
92 96 3
92 99 3
93 1 3
93 3 3
93 6 3
93 9 3
93 11 3
93 12 3
93 14 3
93 17 3
93 18 3
93 19 3
93 20 3
93 21 3
93 22 3
93 24 3
93 26 3
93 29 3
93 30 3
93 31 3
93 32 3
93 33 3
93 36 3
93 37 3
93 38 3
93 40 3
93 41 3
93 42 3
93 45 3
93 46 3
93 48 3
93 49 3
93 50 3
93 53 3
93 54 3
93 56 3
93 57 3
93 58 3
93 59 3
93 60 3
93 61 3
93 63 3
93 64 3
93 66 3
93 67 3
93 68 3
93 69 3
93 70 3
93 71 3
93 72 3
93 73 3
93 74 3
93 76 3
93 77 3
93 80 3
93 81 3
93 82 3
93 83 3
93 84 3
93 85 3
93 87 3
93 90 3
93 91 3
93 92 3
93 93 3
93 94 3
93 95 3
93 96 3
93 98 3
93 100 3
94 1 3
94 5 3
94 7 3
94 8 3
94 9 3
94 10 3
94 11 3
94 12 3
94 14 3
94 15 3
94 16 3
94 17 3
94 19 3
94 20 3
94 24 3
94 25 3
94 26 3
94 29 3
94 30 3
94 33 3
94 35 3
94 37 3
94 39 3
94 40 3
94 41 3
94 42 3
94 43 3
94 44 3
94 45 3
94 46 3
94 47 3
94 48 3
94 50 3
94 51 3
94 52 3
94 54 3
94 56 3
94 57 3
94 58 3
94 59 3
94 60 3
94 61 3
94 62 3
94 63 3
94 64 3
94 67 3
94 68 3
94 70 3
94 71 3
94 72 3
94 73 3
94 75 3
94 77 3
94 78 3
94 82 3
94 83 3
94 86 3
94 87 3
94 89 3
94 91 3
94 95 3
94 97 3
94 99 3
94 100 3
95 1 3
95 3 3
95 4 3
95 6 3
95 8 3
95 9 3
95 10 3
95 11 3
95 12 3
95 13 3
95 14 3
95 18 3
95 19 3
95 20 3
95 23 3
95 25 3
95 26 3
95 27 3
95 28 3
95 29 3
95 30 3
95 32 3
95 33 3
95 34 3
95 35 3
95 36 3
95 39 3
95 41 3
95 42 3
95 43 3
95 44 3
95 46 3
95 48 3
95 51 3
95 53 3
95 54 3
95 55 3
95 58 3
95 59 3
95 60 3
95 61 3
95 63 3
95 64 3
95 65 3
95 66 3
95 67 3
95 68 3
95 69 3
95 70 3
95 71 3
95 76 3
95 78 3
95 80 3
95 81 3
95 82 3
95 84 3
95 85 3
95 86 3
95 87 3
95 88 3
95 90 3
95 91 3
95 92 3
95 93 3
95 94 3
95 95 3
95 96 3
95 97 3
95 99 3
95 100 3
96 1 3
96 2 3
96 3 3
96 5 3
96 6 3
96 7 3
96 9 3
96 12 3
96 13 3
96 15 3
96 17 3
96 19 3
96 20 3
96 21 3
96 23 3
96 28 3
96 30 3
96 31 3
96 32 3
96 33 3
96 34 3
96 35 3
96 36 3
96 37 3
96 40 3
96 43 3
96 45 3
96 47 3
96 49 3
96 50 3
96 51 3
96 54 3
96 55 3
96 56 3
96 58 3
96 62 3
96 64 3
96 65 3
96 68 3
96 69 3
96 70 3
96 71 3
96 72 3
96 73 3
96 74 3
96 75 3
96 77 3
96 78 3
96 79 3
96 80 3
96 81 3
96 82 3
96 83 3
96 84 3
96 85 3
96 86 3
96 87 3
96 89 3
96 90 3
96 92 3
96 93 3
96 95 3
96 96 3
96 98 3
96 99 3
96 100 3
97 1 3
97 5 3
97 6 3
97 7 3
97 8 3
97 9 3
97 10 3
97 12 3
97 13 3
97 16 3
97 17 3
97 18 3
97 21 3
97 22 3
97 23 3
97 24 3
97 26 3
97 27 3
97 28 3
97 29 3
97 30 3
97 31 3
97 34 3
97 35 3
97 36 3
97 38 3
97 39 3
97 43 3
97 45 3
97 47 3
97 49 3
97 50 3
97 52 3
97 56 3
97 58 3
97 60 3
97 63 3
97 64 3
97 65 3
97 66 3
97 67 3
97 68 3
97 70 3
97 71 3
97 72 3
97 73 3
97 74 3
97 75 3
97 77 3
97 78 3
97 79 3
97 80 3
97 82 3
97 83 3
97 84 3
97 85 3
97 88 3
97 90 3
97 91 3
97 92 3
97 93 3
97 94 3
97 95 3
97 97 3
97 98 3
97 99 3
98 1 3
98 4 3
98 5 3
98 6 3
98 8 3
98 10 3
98 11 3
98 12 3
98 13 3
98 15 3
98 16 3
98 17 3
98 18 3
98 19 3
98 20 3
98 23 3
98 24 3
98 25 3
98 26 3
98 27 3
98 28 3
98 30 3
98 31 3
98 32 3
98 33 3
98 34 3
98 35 3
98 36 3
98 37 3
98 38 3
98 39 3
98 42 3
98 43 3
98 44 3
98 45 3
98 46 3
98 48 3
98 50 3
98 51 3
98 52 3
98 53 3
98 54 3
98 56 3
98 57 3
98 58 3
98 60 3
98 62 3
98 63 3
98 64 3
98 65 3
98 66 3
98 67 3
98 68 3
98 69 3
98 71 3
98 72 3
98 73 3
98 74 3
98 76 3
98 79 3
98 80 3
98 81 3
98 82 3
98 83 3
98 86 3
98 88 3
98 89 3
98 91 3
98 92 3
98 94 3
98 95 3
98 96 3
98 99 3
99 1 3
99 2 3
99 4 3
99 5 3
99 6 3
99 7 3
99 8 3
99 11 3
99 13 3
99 14 3
99 15 3
99 17 3
99 18 3
99 19 3
99 21 3
99 22 3
99 23 3
99 24 3
99 25 3
99 26 3
99 28 3
99 29 3
99 30 3
99 31 3
99 32 3
99 33 3
99 34 3
99 35 3
99 36 3
99 37 3
99 38 3
99 39 3
99 40 3
99 41 3
99 43 3
99 44 3
99 45 3
99 46 3
99 47 3
99 48 3
99 50 3
99 51 3
99 52 3
99 53 3
99 54 3
99 55 3
99 56 3
99 58 3
99 60 3
99 62 3
99 63 3
99 64 3
99 66 3
99 68 3
99 69 3
99 70 3
99 71 3
99 72 3
99 73 3
99 74 3
99 75 3
99 78 3
99 79 3
99 80 3
99 82 3
99 83 3
99 84 3
99 85 3
99 89 3
99 90 3
99 91 3
99 93 3
99 94 3
99 95 3
99 97 3
99 99 3
100 3 3
100 6 3
100 7 3
100 8 3
100 11 3
100 13 3
100 14 3
100 15 3
100 17 3
100 21 3
100 22 3
100 23 3
100 26 3
100 31 3
100 33 3
100 34 3
100 36 3
100 37 3
100 40 3
100 42 3
100 43 3
100 44 3
100 45 3
100 46 3
100 49 3
100 50 3
100 52 3
100 54 3
100 56 3
100 58 3
100 59 3
100 60 3
100 61 3
100 62 3
100 63 3
100 65 3
100 66 3
100 67 3
100 70 3
100 74 3
100 76 3
100 77 3
100 78 3
100 80 3
100 81 3
100 82 3
100 84 3
100 85 3
100 86 3
100 87 3
100 93 3
100 94 3
100 95 3
100 96 3
100 97 3
100 98 3
