3000 1000
72
29
205
100
258
49
10
206
96
38
10
6
144
65
8
6
103
329
71
56
79
199
60
153
13
55
63
68
85
140
143
207
41
73
32
3
61
271
34
184
19
81
33
42
96
162
205
89
42
128
40
447
87
129
128
79
55
80
70
116
6
16
120
135
132
232
79
7
118
44
211
32
7
80
24
3
99
309
3
25
139
120
282
26
45
8
60
2
23
60
42
105
8
94
236
91
20
196
14
33
45
15
22
112
155
13
66
27
204
3
159
55
217
568
68
14
445
4
64
13
233
17
139
375
71
85
51
142
22
37
31
16
63
187
185
98
62
179
125
67
1
59
25
25
48
520
21
69
1
16
190
341
12
26
10
76
98
300
93
257
48
22
125
181
106
20
210
30
52
168
5
469
89
261
5
15
173
122
15
14
98
88
21
242
35
238
174
127
104
87
16
85
82
200
73
142
414
153
44
35
29
134
12
236
121
6
100
102
81
21
321
16
93
114
141
23
86
26
10
30
16
33
145
78
274
59
2
11
123
95
1
122
439
6
180
13
153
578
660
182
96
222
141
148
179
62
62
28
25
100
24
23
119
107
13
287
30
80
62
24
32
95
480
148
186
78
128
90
46
225
39
16
29
69
370
258
70
234
74
116
10
361
188
82
75
34
164
204
3
106
72
63
118
44
239
31
57
252
89
28
109
19
21
6
64
121
258
38
120
176
174
289
34
326
132
52
27
77
31
68
377
11
44
134
12
285
12
38
112
1
145
323
78
7
69
73
126
74
11
96
151
229
114
27
44
9
235
4
71
42
45
99
206
194
31
12
10
23
9
137
18
28
67
127
53
87
129
15
37
28
10
36
27
177
2
34
22
114
103
49
79
108
123
100
74
32
9
104
753
46
102
4
34
53
180
36
9
18
25
165
17
377
47
153
35
183
26
432
6
5
24
35
135
29
44
372
21
13
5
61
177
45
37
55
142
129
12
35
91
407
67
254
164
37
18
204
116
32
5
43
13
87
63
76
109
158
17
122
112
155
89
48
28
101
137
296
6
10
5
21
69
47
128
21
94
35
149
58
50
108
31
561
107
34
103
177
324
7
8
401
18
72
10
79
26
41
17
52
201
138
117
65
49
71
7
25
61
1
67
199
99
132
72
16
16
2
76
100
33
115
28
51
167
169
8
10
100
8
18
68
91
177
188
270
18
158
76
15
25
148
30
26
20
5
8
101
49
60
88
53
114
251
8
24
19
162
23
11
134
126
214
137
56
14
44
125
49
18
77
248
6
16
40
28
13
112
74
47
43
37
71
16
19
201
12
50
3
56
84
158
6
220
113
18
46
148
94
12
21
26
46
74
199
126
114
79
15
54
131
5
29
42
114
171
18
204
92
136
377
42
92
103
6
65
44
7
47
211
87
320
10
82
208
131
208
37
232
22
77
109
20
150
135
68
26
35
54
1
16
36
65
94
206
48
2
182
4
41
79
82
21
2
8
160
62
19
99
96
5
57
167
24
175
2
38
216
32
66
51
119
191
50
118
10
15
63
37
17
154
141
31
76
16
9
114
143
172
12
42
28
336
51
5
152
3
98
101
230
16
117
5
202
12
23
296
115
61
67
83
382
11
5
6
26
79
64
282
14
150
111
140
244
185
112
70
68
30
275
146
15
149
19
8
34
38
55
34
14
146
174
28
152
283
76
160
59
108
1
103
118
6
59
33
7
73
136
309
85
26
217
291
30
3
24
187
49
28
252
230
31
39
54
14
359
278
121
40
241
250
15
79
308
94
143
13
48
24
41
242
391
22
46
25
10
181
83
30
70
34
49
54
222
111
56
67
50
86
62
34
45
45
186
14
5
113
35
79
25
316
20
155
42
67
37
75
111
20
13
19
37
74
22
121
38
48
10
360
61
114
4
140
210
66
111
91
126
103
24
168
13
53
18
178
83
90
270
35
17
100
272
102
9
127
205
13
35
36
237
114
80
24
148
225
78
4
99
122
40
35
124
4
170
84
38
243
15
53
119
55
15
144
134
55
62
20
33
206
58
98
5
176
687
32
9
176
46
224
113
143
170
175
40
280
78
71
6
29
379
139
21
38
77
180
14
117
6
75
14
68
224
168
125
7
71
59
51
22
96
85
37
37
99
283
19
49
8
9
6
140
22
5
2
17
187
36
199
68
139
106
36
56
219
245
262
108
8
54
65
311
26
34
158
117
10
10
125
162
56
87
27
334
106
99
154
51
231
28
189
9
37
324
51
286
123
39
31
193
117
83
203
36
12
49
400
16
157
27
110
31
281
190
152
194
19
76
204
138
31
467
320
25
104
245
44
152
131
222
268
146
190
201
109
320
66
10
86
224
83
4
9
37
212
202
5
2
32
3
189
12
116
141
72
58
378
18
32
146
22
67
109
34
16
89
60
20
53
140
141
77
102
30
41
118
59
74
451
234
42
45
21
18
33
131
103
120
30
25
106
123
9
87
13
300
140
37
89
31
380
37
144
48
76
155
208
49
25
39
32
114
91
48
142
7
11
46
11
25
2
40
8
60
26
230
109
39
84
107
133
205
307
218
31
32
47
67
37
65
12
30
12
115
250
36
2
82
269
92
24
54
125
12
43
19
39
51
10
15
8
16
53
51
194
79
11
325
106
25
3
8
226
37
8
41
10
168
81
114
105
422
62
39
2
88
134
385
1
34
74
4
90
20
54
15
107
60
31
27
149
7
99
10
38
214
33
105
91
25
54
107
199
149
170
83
242
11
20
56
79
148
113
41
294
101
120
61
51
63
172
162
9
86
19
23
27
70
8
59
307
336
22
40
52
16
45
136
367
4
11
37
31
10
648
29
245
43
27
123
83
109
22
175
93
24
91
130
4
14
43
236
32
18
17
153
100
67
8
4
349
109
41
22
52
306
196
105
74
27
28
2
62
1
213
317
26
49
32
18
106
50
41
32
446
119
137
57
116
308
454
76
124
38
151
68
315
116
216
190
114
11
136
73
4
29
40
96
7
117
49
65
84
81
98
34
25
79
23
63
144
20
304
118
738
260
168
261
99
369
256
128
63
170
138
26
32
4
167
127
136
14
59
350
72
195
62
108
18
133
118
259
702
85
161
71
124
16
29
79
150
51
68
64
15
26
45
49
110
95
9
46
191
97
242
5
385
37
71
33
17
180
4
32
28
63
225
4
49
50
18
190
156
59
67
95
396
30
10
3
24
127
271
58
63
22
82
156
178
29
66
112
106
4
12
98
213
283
33
25
16
30
57
42
72
62
120
359
56
109
13
62
74
1
89
1
13
182
163
92
71
35
52
146
196
8
99
53
29
25
22
17
61
28
58
36
44
170
21
35
192
14
59
207
106
40
106
179
104
41
200
21
25
133
115
50
71
53
131
366
114
209
282
25
56
17
56
164
22
10
185
192
167
38
31
105
27
46
6
239
97
141
10
18
400
128
210
90
56
11
180
80
248
151
138
17
102
5
61
373
285
430
126
3
34
48
18
89
38
245
4
8
67
6
20
98
471
19
91
16
123
59
15
22
141
60
56
19
8
22
29
144
136
52
222
57
38
141
212
291
131
185
20
28
20
471
169
18
3
120
37
28
80
79
102
93
30
111
23
125
43
72
16
122
215
47
194
50
109
236
112
139
61
124
31
340
33
117
158
301
13
90
31
236
25
76
58
180
57
89
5
18
368
113
222
27
4
5
52
138
96
36
20
105
77
55
63
136
141
10
83
113
129
273
46
75
120
158
34
360
143
36
4
2
327
75
62
58
34
18
44
223
131
123
68
384
313
80
53
82
4
256
101
130
242
120
42
51
26
2
58
508
300
87
137
112
42
26
68
84
59
125
140
69
126
194
30
40
7
123
269
116
70
206
18
45
61
132
54
111
138
11
95
128
122
160
76
226
50
401
339
98
132
227
5
9
122
74
96
11
20
49
8
9
12
85
40
15
71
111
1
139
47
176
145
36
122
255
98
6
62
40
103
191
8
355
107
44
56
30
298
139
95
102
331
148
143
157
131
167
115
68
23
30
70
385
109
9
314
294
442
216
11
115
40
26
25
14
98
78
48
311
55
37
188
45
33
16
28
67
101
229
14
104
5
42
353
29
118
39
159
41
12
73
109
7
6
114
92
156
64
136
66
34
13
30
88
130
47
276
99
45
130
55
34
33
6
9
483
107
1
7
177
56
15
335
43
79
286
28
14
15
83
179
1
203
203
17
217
170
40
155
20
239
39
102
81
35
263
166
58
99
89
36
48
127
237
50
224
116
42
1
32
76
45
3
124
53
46
221
44
38
54
48
103
11
2
2
93
24
321
331
96
79
12
21
131
28
4
38
205
89
95
4
77
68
68
528
251
164
47
40
17
6
118
39
46
35
100
53
11
29
17
59
469
107
76
15
5
102
118
107
193
130
115
30
26
9
74
56
92
55
71
73
50
184
29
7
2
6
159
20
9
39
24
2
149
85
318
171
115
375
40
24
19
110
44
89
75
81
92
6
45
49
78
27
119
93
21
85
8
39
18
22
1
16
188
286
109
12
177
103
40
60
81
464
11
87
94
2
38
8
13
113
75
42
289
139
192
178
194
22
159
220
158
18
79
18
2
292
40
92
94
35
49
4
43
85
3
360
346
213
27
205
4
131
250
96
146
42
269
285
138
2
61
503
72
128
214
7
158
133
113
57
59
335
74
40
58
46
133
29
27
53
79
173
52
145
42
219
345
220
64
19
78
4
50
40
118
221
2
51
181
7
42
98
58
32
148
192
120
26
15
70
64
249
5
53
25
157
175
435
28
108
47
28
91
131
27
59
138
116
360
52
23
42
81
26
1
40
66
452
271
60
21
186
92
226
51
10
18
8
65
2
73
193
101
160
9
106
94
24
263
56
10
31
241
25
345
33
142
35
18
199
109
25
218
6
129
116
61
79
50
112
51
57
106
72
175
107
103
12
51
243
324
72
27
5
376
125
8
92
66
29
90
10
58
78
53
39
78
242
5
55
32
131
568
32
38
113
107
129
26
13
117
59
46
11
95
85
451
218
251
167
46
113
34
128
41
16
16
77
23
127
40
94
133
56
9
74
410
88
60
196
263
7
20
54
77
11
40
101
13
9
26
34
77
147
34
176
66
141
149
188
87
34
1
136
30
148
17
10
313
137
93
3
144
185
28
1
15
111
43
27
185
64
11
69
90
93
207
10
211
143
356
123
175
173
205
10
3
45
16
66
71
24
454
142
32
41
16
258
55
211
75
17
208
106
49
208
27
345
82
42
72
22
302
59
80
12
68
9
357
45
75
18
226
8
8
20
109
7
10
82
91
33
22
79
79
54
93
309
115
120
25
142
102
49
240
136
79
18
208
32
73
96
78
15
38
45
16
134
91
265
60
49
46
103
37
13
1
301
240
218
106
22
31
93
216
34
138
27
10
384
396
16
170
89
329
82
114
14
306
1
56
62
119
1
79
9
167
88
27
292
61
51
25
58
105
43
8
62
31
72
14
26
117
34
130
101
125
101
27
195
63
4
114
284
61
11
39
164
152
33
32
205
33
11
245
740
23
73
18
107
219
85
310
5
70
22
201
92
8
97
162
158
77
128
23
103
121
62
526
20
355
65
75
114
40
83
3
110
75
127
364
90
2
38
97
198
106
170
231
190
200
381
298
42
46
35
256
494
26
6
196
15
307
46
15
182
30
21
326
22
104
9
179
19
33
94
57
67
410
119
111
29
60
27
40
167
30
56
8
25
68
39
99
63
55
26
230
54
97
39
101
7
18
51
303
67
36
281
111
256
40
62
101
70
62
15
8
9
54
318
47
91
148
260
89
33
64
31
113
30
67
188
42
68
83
30
188
159
97
565
75
194
19
7
264
207
108
3
297
97
25
168
99
34
48
180
37
222
31
171
117
255
114
120
182
43
15
9
236
147
97
96
73
24
96
173
312
25
324
160
202
411
77
235
411
176
96
62
20
12
17
50
246
32
145
5
35
76
44
76
24
32
4
45
197
23
60
30
91
7
7
74
13
55
145
57
36
223
8
253
51
16
30
335
20
3
15
70
40
28
78
61
25
50
10
42
60
240
25
24
92
44
75
6
19
126
91
13
48
163
39
72
214
77
3
11
33
91
47
20
39
38
63
8
159
58
10
15
27
34
44
18
294
9
61
77
64
42
119
122
69
64
19
61
50
408
57
305
93
310
5
75
114
266
8
114
36
20
90
53
40
55
192
19
136
70
141
10
20
2
70
37
22
17
19
223
93
112
21
5
93
302
108
90
104
68
132
213
69
131
114
35
238
74
145
120
115
9
51
111
66
356
34
143
64
11
406
38
14
76
231
24
10
17
78
173
146
4
50
59
387
78
87
21
16
34
34
179
190
34
13
532
60
304
21
8
173
296
77
9
161
32
102
34
78
38
36
68
343
145
448
55
58
7
44
94
107
68
25
116
146
323
92
188
2
70
69
170
141
19
113
11
164
164
35
95
1
90
190
109
19
77
14
8
140
323
196
63
75
47
121
43
65
282
89
58
15
278
91
1
36
16
50
83
22
11
16
6
345
114
177
161
96
179
113
260
52
111
101
1
29
342
2
126
29
67
113
307
294
141
34
102
46
35
13
6
226
21
44
370
184
46
24
173
9
2
20
14
120
44
298
180
225
235
482
66
122
121
6
2
19
250
11
65
35
286
158
59
68
139
54
161
252
85
168
110
244
120
40
169
136
91
281
179
60
94
13
83
62
11
56
2
75
55
53
47
290
176
111
28
70
53
108
23
203
27
60
19
154
