3000 100000
303
658
852
509
484
1293
1874
158
450
2584
997
317
345
439
4258
279
307
207
28
172
420
2769
2086
1438
2132
1203
1550
630
1131
47
83
2882
2044
1466
35
588
4889
1425
1289
2682
1797
617
1623
1159
1786
1731
2171
2668
942
100
95
6
769
787
1931
559
308
2093
202
558
1231
1608
308
362
117
1527
729
217
1879
1088
1
1569
292
84
4025
79
161
1414
215
281
339
266
1113
1381
382
56
802
485
765
1001
111
456
259
56
377
278
1057
2264
845
1174
232
319
38
2194
117
919
874
294
240
2635
524
373
1044
1447
836
358
949
497
288
1204
308
3595
12
2490
793
406
2905
475
998
17
1862
1577
469
1692
325
162
403
1502
868
284
298
659
487
2185
3594
305
666
784
634
941
502
76
2297
1256
1130
679
1139
664
1746
264
2317
195
105
937
98
93
1008
331
486
3334
446
1310
336
428
403
731
143
823
557
199
834
3938
3050
807
255
312
109
2581
1225
162
13
1988
1144
1277
8
511
1914
1333
256
629
513
632
1666
327
618
2123
238
22
109
2628
3113
1075
138
325
303
2315
944
97
242
1309
128
104
403
2242
75
358
289
2074
1150
139
3031
1030
982
72
570
266
997
2314
233
557
48
28
78
1047
1414
2049
2258
404
382
1280
1220
66
4113
3402
102
711
65
182
177
1724
444
573
787
68
2709
2898
786
1224
1618
2283
1382
1550
91
781
531
198
1712
228
450
853
1345
2202
1073
1563
149
190
1320
108
1310
822
925
348
1084
982
1636
660
2267
2370
1296
769
36
329
1632
10
351
4071
145
924
1791
769
1071
130
347
1001
439
52
174
102
649
20
1252
1463
87
744
574
361
1217
4800
101
1083
969
332
1172
342
702
1175
78
1043
121
3466
824
2981
1750
798
522
173
59
163
685
16
10
1329
126
41
633
1353
517
1038
907
976
140
134
132
1179
71
339
2507
2782
781
321
346
7
2341
63
2279
2034
573
686
793
817
908
1816
1625
509
1711
345
115
71
681
206
681
62
2002
594
488
278
411
372
90
1661
340
297
1113
896
851
1990
4906
120
104
671
171
326
312
3987
696
969
2138
1356
255
1690
1739
1078
133
840
553
423
1900
530
2152
760
374
898
1944
29
194
1064
592
493
1489
979
706
1168
199
736
1465
1119
280
258
1366
3010
475
2050
1227
1359
1422
2065
261
231
3662
770
260
777
364
410
1204
145
1043
2682
1227
109
846
186
112
260
7
498
2768
820
1239
128
51
454
125
191
136
1291
464
408
1387
502
164
101
1547
3115
46
1988
84
5104
294
341
1936
2911
974
3908
1802
917
456
5123
4181
11
1804
1113
641
566
103
1107
1172
997
427
32
400
676
795
916
3382
189
714
2410
3099
840
878
284
1726
927
197
568
660
242
278
1840
1406
1008
726
3
984
31
136
681
3567
842
2846
279
384
1968
595
391
489
248
1765
1675
2518
913
843
2217
1896
1510
213
1289
2021
1576
2042
4640
1238
11
1499
831
414
1031
885
667
506
573
266
1758
484
1570
61
1431
2044
201
1568
975
1713
169
2365
372
36
1296
253
117
818
426
3347
409
2683
777
30
84
829
494
938
509
1791
502
3399
1545
835
202
665
2891
705
319
1016
821
510
1110
429
693
15
3310
634
590
662
8
427
521
97
930
1492
101
1600
136
1628
981
183
689
751
201
1860
542
1997
2052
2421
2236
961
200
163
2639
209
1563
2249
1020
1494
2285
1372
1493
1210
334
139
379
481
8
1158
3140
2786
289
47
2391
5010
698
382
1145
944
763
1697
860
612
1114
1993
2394
303
231
2786
1845
510
193
638
967
2865
628
188
533
3465
3395
355
128
28
101
1116
305
250
41
957
446
1176
19
105
2592
1081
284
1485
160
1348
537
691
363
372
831
184
1239
2466
32
4255
1563
221
283
214
1212
212
3380
2219
869
2217
638
1349
846
39
675
1193
1400
16
807
369
2883
998
172
391
1263
473
692
1990
1324
771
112
227
791
232
1153
1522
1707
245
220
462
339
853
308
936
507
574
1676
776
1128
331
268
1563
4
536
696
480
1222
2173
1902
1125
1393
967
1736
351
301
330
219
909
1309
441
610
2344
294
3160
253
2619
770
89
516
1359
414
801
577
1282
241
772
510
141
1750
1663
19
173
194
72
70
7
54
48
1073
1190
5047
160
1012
3
67
1164
79
1464
10
122
361
484
1447
96
1332
97
132
587
395
9
608
387
831
521
543
5962
349
147
913
712
59
933
3368
366
127
40
4173
76
602
780
279
130
1473
1247
3120
993
142
1528
1746
185
317
322
871
55
370
88
149
2799
2170
382
139
730
691
3435
452
18
441
662
169
1859
1323
628
1504
3358
348
1494
873
648
775
688
3763
1674
159
615
3183
322
1897
142
718
1528
1702
45
1897
755
364
143
1192
228
223
22
2
46
16
2681
1247
49
3547
891
263
46
446
1355
1220
324
662
1628
767
526
1930
4270
1565
65
1803
295
1009
520
324
2986
202
196
715
2399
1327
89
711
3229
1359
1838
2188
1143
443
968
1277
204
46
597
2915
717
973
59
132
1447
312
164
801
368
61
2013
1065
2883
2567
1024
623
1223
403
1095
43
452
299
1621
565
1454
2127
2177
170
1496
1462
886
854
285
351
356
878
918
2117
1857
81
1233
803
805
636
1928
208
2318
1347
977
2122
501
403
2402
190
317
253
178
391
109
2055
1972
841
319
33
1142
2505
189
97
59
70
737
192
888
1306
1090
560
1322
595
133
582
923
522
77
15
957
471
1188
667
763
1781
75
1001
904
212
1955
319
178
1583
1292
643
2776
2303
2543
1069
603
127
948
1660
1303
1229
4800
706
63
977
862
6599
972
369
165
663
3413
781
223
2560
2531
493
1148
515
1800
801
1293
245
162
6
1087
13
558
5392
1339
193
30
580
673
1150
2618
1817
703
607
969
1641
40
1198
136
679
907
627
869
1613
457
593
2500
454
1763
1104
3091
215
546
541
955
101
1876
2613
3092
661
437
1906
966
574
197
78
1600
843
352
1179
3446
404
260
339
964
422
869
718
187
1531
758
811
1090
312
423
498
2507
573
674
1323
25
615
191
367
171
267
122
2422
87
2801
437
82
887
287
458
351
44
350
488
596
1913
957
23
487
3277
4069
80
744
2685
1
1440
240
1261
6
152
1756
587
809
58
5771
66
809
1389
1961
1391
559
825
274
835
1804
988
519
300
95
461
785
1096
1259
266
1264
982
1332
400
699
1455
156
799
128
348
86
454
836
685
437
837
673
2032
734
1316
303
1421
1157
664
1833
644
611
23
1079
1041
1684
2143
2841
1157
198
195
1444
854
860
3874
1112
429
1078
744
687
363
1745
891
587
1147
113
349
3668
856
332
1545
892
88
1479
208
303
52
1072
156
1063
919
731
5534
3172
5576
360
583
1727
2520
465
311
95
1484
857
217
161
3080
348
297
1282
1665
1554
23
4158
3070
1849
1336
2382
1513
481
2011
276
338
1612
510
802
513
1068
1569
536
2572
855
555
4184
926
2617
429
865
531
68
392
715
265
1120
783
618
936
1580
1335
5025
1435
1302
140
973
306
38
189
806
57
173
2075
1803
1031
61
2205
600
1
581
1941
432
476
57
1825
887
1816
336
184
158
998
3949
94
133
1821
605
2909
1485
441
238
139
2960
100
148
897
1538
313
4100
2877
1633
440
3920
482
40
319
831
80
742
425
474
1521
2360
551
1201
183
111
450
711
267
880
395
139
1927
421
594
1071
568
1973
1035
965
554
590
572
1327
157
1
83
1874
1032
284
1490
446
39
590
817
130
290
17
86
2183
1815
5863
551
496
359
1358
907
66
2179
1333
621
155
547
463
1932
351
3044
763
886
83
1004
1494
536
3050
586
525
3562
471
297
406
1211
451
2876
1973
2284
1633
46
1949
372
338
252
2412
1154
348
1337
407
909
1732
706
1095
1499
1225
125
979
1170
792
207
1559
1007
510
688
96
1742
82
908
3076
2991
391
1332
516
719
1128
794
2159
1754
400
745
1322
1556
366
1957
327
3296
541
190
266
569
1365
1721
5117
335
524
309
146
1651
413
555
38
143
2339
256
112
8
3172
7
91
743
62
5151
1694
2261
347
136
1459
142
138
180
1135
1897
697
272
744
73
24
349
3693
1299
968
342
1072
2149
198
1034
1403
552
581
460
57
794
2160
669
211
1178
360
1255
25
1372
988
354
361
652
1488
1325
2113
357
4
211
759
541
1298
924
229
1403
1732
4497
32
341
116
1147
240
2140
251
1014
147
952
3470
681
93
782
968
234
837
677
1101
740
963
1140
121
149
203
207
2156
1697
1276
352
801
552
2251
417
853
321
849
3546
2271
186
1964
47
172
1134
474
62
1066
26
98
770
511
3257
452
1386
650
1367
5353
688
213
3642
640
353
834
1585
10
37
316
293
360
456
736
549
889
2354
2666
1060
575
149
695
486
69
317
745
210
23
31
1843
1927
1322
6235
1092
785
764
1269
1918
92
1133
1335
755
1191
622
1743
432
2038
1456
2105
436
1001
1782
180
1083
587
1241
1049
161
72
2684
359
373
358
3243
858
822
152
263
2815
23
2004
45
142
280
2110
80
1988
1304
1499
1065
1133
490
111
1729
822
2688
917
210
618
991
1078
1147
105
1563
146
987
766
699
2944
629
714
1660
321
911
904
301
10086
212
193
888
205
2213
785
51
829
1851
47
1075
76
529
1485
1157
1056
761
758
1
251
221
1385
761
103
518
1614
272
42
432
75
600
1409
1692
2841
266
234
799
2300
2
583
627
1663
442
4231
1423
393
926
496
75
1384
802
5181
1815
623
1236
2010
71
12
161
740
450
283
75
1574
1449
874
731
630
649
212
1688
1994
998
2868
1245
441
47
2901
1066
1950
765
1571
135
5050
363
483
1285
1437
442
588
168
1178
1050
214
164
118
77
1809
1086
148
1838
569
2474
224
206
3920
1948
195
2002
845
1270
2289
1429
580
134
673
1189
794
1754
638
1937
657
554
539
3518
1354
91
821
1218
2153
589
1460
519
1643
113
2461
1098
266
3285
318
4
315
2417
293
1384
1779
71
798
983
113
491
78
2610
477
817
684
630
3910
20
299
920
1203
136
134
2380
492
134
393
1754
301
375
2360
261
2250
4341
820
4287
127
28
1620
756
3458
697
301
2667
1774
1269
879
704
821
2691
217
4931
26
1410
290
7671
1364
1413
1308
880
189
1366
1835
1261
1172
652
832
1479
999
1968
3227
873
720
287
605
1586
625
115
114
1611
55
559
170
570
231
3094
170
826
990
433
95
658
795
1190
4792
1423
1432
306
80
1979
223
661
351
8
615
241
418
947
882
413
666
805
1141
727
656
1589
231
233
111
220
167
814
1393
1040
776
46
377
574
529
1158
398
2423
1575
505
5173
1379
204
4871
264
584
1168
257
487
207
1891
28
83
306
405
177
282
137
302
1754
265
1511
2925
527
3776
625
666
918
74
795
152
838
895
486
186
179
1749
58
1427
198
581
11
275
623
2276
344
2043
178
190
684
405
1178
1450
5630
394
10
363
586
1434
748
3916
1353
131
1129
1202
340
1288
347
1491
85
929
88
269
1128
1395
66
1250
318
1139
345
2953
1673
5130
3661
444
3136
354
869
186
756
2085
343
2261
696
576
2100
722
129
531
3710
1290
914
751
961
695
2087
892
2381
158
159
251
3334
408
125
3296
795
519
1334
243
1350
350
1236
579
550
222
525
298
1270
95
221
677
679
594
820
234
99
1185
258
73
918
2009
1008
1584
173
1162
1957
101
760
167
260
1514
1438
1380
1912
1430
213
122
287
145
746
151
2627
42
1029
259
2355
1593
1075
1988
644
683
887
1316
239
427
1515
72
120
365
1009
273
1294
1491
439
683
631
2330
663
2211
2751
333
14
330
559
1044
340
120
1379
133
79
754
2395
1213
40
308
19
938
1185
487
273
1730
240
90
913
1335
3234
2066
1632
586
82
2365
468
820
621
1518
212
255
202
271
310
1783
689
159
657
1800
278
1227
1101
309
1560
474
5371
224
224
43
56
1030
871
901
1278
150
268
122
600
56
1035
2693
2356
27
818
755
510
228
1330
351
605
214
506
626
541
26
1043
23
321
454
1665
678
1026
351
73
1181
1431
3796
2100
902
2081
231
138
1196
3337
2093
664
444
47
1682
272
250
608
3423
136
1490
810
285
268
752
2305
2180
1418
1165
3342
1275
1902
1014
330
515
248
1660
1788
2301
237
196
227
1354
153
5
407
2117
1174
1139
3744
557
1245
112
71
3297
644
1945
1634
77
1375
1457
508
205
2478
1789
586
145
1013
2072
311
831
2147
106
2526
172
404
470
322
375
2382
539
1630
436
56
801
1920
266
184
1573
37
49
2827
1418
1278
2555
542
659
619
1828
234
173
1857
6873
959
719
494
262
1682
112
367
293
1700
1844
515
728
101
805
945
351
2371
301
12
821
657
5530
1721
490
383
1920
14
719
234
796
1060
25
1514
522
870
821
511
437
210
258
701
110
547
1463
354
115
298
601
794
962
2727
743
535
515
3552
4
1716
930
230
174
646
624
3192
335
2250
1771
1610
3448
1410
712
796
374
67
1095
571
521
825
687
1971
935
269
326
174
2329
1801
2228
241
627
163
675
495
84
3
1067
752
718
3752
911
76
3942
1334
348
951
2457
4055
341
137
624
200
2326
1621
54
2305
316
284
1051
658
2719
576
10
43
1438
405
139
915
164
890
395
684
637
1000
541
661
258
1500
181
2566
792
363
173
1291
767
216
1030
2664
162
3189
30
11
214
900
1204
1187
3341
2384
855
3112
669
124
1514
220
3957
118
714
3841
590
332
1364
314
517
1098
498
1043
1651
148
341
2933
1189
352
333
3602
2695
412
111
1370
93
1870
4
1182
18
1981
1286
26
253
375
1756
475
458
6
686
41
2618
1929
128
510
1173
1569
2502
855
1640
784
537
385
1556
136
105
1416
558
270
208
973
1573
2000
397
668
393
694
426
4651
167
1386
3416
497
172
2604
24
149
378
3100
40
2905
398
1196
50
1712
2046
1162
93
2219
52
1971
1265
201
134
177
310
428
3804
1125
223
40
291
175
69
368
2630
1240
691
1410
569
1770
126
199
246
79
99
3200
71
1134
1179
616
57
246
1419
782
1117
629
922
3675
334
1025
340
1489
166
630
178
144
227
756
404
417
48
155
11
1278
2290
213
681
385
786
584
480
1237
1049
627
61
967
884
2253
849
1067
199
239
861
485
1822
237
558
1903
974
165
994
703
127
1551
859
145
364
1784
1131
116
1847
179
92
1
3528
106
529
478
1264
157
715
2141
2120
2784
1388
892
828
696
27
2272
308
298
4518
896
332
355
2959
1865
290
125
561
2372
472
1092
1586
1876
622
510
624
392
2090
943
1632
328
2454
1206
1075
1821
439
686
490
755
328
44
1418
708
2036
3184
894
1049
964
174
106
21
777
53
1671
378
542
53
2223
47
1281
64
279
1295
795
698
1869
119
1025
424
1043
894
19
1156
3041
3662
1333
136
2105
967
7
147
389
334
833
538
110
49
513
972
1254
1272
371
864
432
411
1578
2750
799
191
2090
3492
150
170
885
30
291
1549
172
4287
260
20
80
644
795
300
562
1134
506
625
490
236
595
3340
1716
320
2031
676
831
669
679
3059
62
2522
3096
667
1584
1736
47
1104
3493
2598
911
3885
596
946
444
414
70
80
1541
137
59
237
911
409
542
2053
1038
1215
223
1571
271
544
66
242
313
1877
408
80
118
2373
44
1181
751
2037
4352
125
66
1
263
428
133
749
437
196
2662
1200
1712
422
46
2010
1746
139
