3000 300000
4617
2364
20839
2675
26381
14550
9889
339
7442
29312
7144
925
12912
5009
586
9463
7396
19529
13246
4934
3964
7959
13186
37016
118
7400
18898
8569
15386
10549
4723
8682
12593
18818
12386
26742
25929
20064
12772
3779
24249
21992
2804
8999
22020
3158
1324
3907
1187
12358
15809
964
1253
3049
3704
1881
12308
19165
86
7372
2082
14113
66131
20400
4071
6254
18543
28475
14625
944
29046
5824
860
8613
9190
13419
14720
2231
49708
2294
3527
10144
5029
11900
14061
28972
29581
4777
18054
3438
6092
17072
11452
24955
9928
27005
14028
10210
48106
1046
10912
13069
22450
10547
10820
15815
5109
1763
19613
6882
1042
6181
1767
22459
11324
30013
16079
4394
612
5057
42656
3928
16340
3472
13713
456
12574
9854
14211
4127
3493
21555
1344
1254
1418
14471
1356
2496
9624
4316
9984
577
573
5720
1847
30501
6499
17949
19307
1503
4831
2476
2000
2582
766
4459
6032
11280
21917
209
18244
4648
2745
1346
30829
8120
8598
1629
1565
3342
2324
10378
695
4976
32733
589
2840
14713
9368
9881
5287
45
9031
11918
20909
11000
13643
14873
12537
48938
4903
11790
4220
10764
43264
876
12243
2381
20386
1511
35709
4632
2103
6847
4758
29907
9153
11237
18906
7325
6725
458
690
21939
6709
321
1745
2683
4210
4347
6370
16968
5092
9467
597
10891
19149
23013
1413
84
11236
25658
4274
6221
6123
1075
6338
3088
1178
11289
8711
517
16
12487
1251
532
15249
6486
8536
8119
9772
13038
1546
12653
7019
2201
5293
2416
7610
3538
8779
10637
26885
7425
9626
1251
8670
4611
18507
2802
8037
18072
4102
1451
3769
9610
142
3656
2561
3734
24719
14529
5808
8490
2754
7199
2790
3059
10693
880
15439
467
16989
12483
354
11927
39826
2639
6541
10731
16361
6069
1213
15541
19647
27384
1947
27313
5017
3847
25817
2506
14451
13494
9309
6995
14254
1004
469
16449
877
675
6246
11946
24057
5303
27116
15102
6704
4146
10262
4367
2347
5005
9234
10333
2691
7229
4660
27472
8525
3201
27115
3031
3937
7646
12086
4671
5510
7187
16359
4938
34733
13915
3860
9473
2384
18791
1109
3934
2143
11169
9609
5592
16353
4854
2344
10312
30229
7184
5828
35528
30477
25552
10436
21207
10298
34259
4653
10024
17671
57839
5178
6594
4903
2407
499
8901
9023
4188
35559
8854
17196
13185
929
10594
31232
14101
9344
4714
1510
1037
24157
483
22186
2218
452
7674
2576
4090
17680
430
5880
2923
267
12283
8024
193
96
20484
11754
64240
1892
329
330
296
1654
2464
24707
1721
3283
4935
3131
11136
7374
8906
8124
9084
1289
8062
24512
7460
4673
7912
1955
44998
11280
1190
10916
8316
14949
23560
21867
6576
15472
22245
9770
6819
4541
5702
6233
14667
3570
25815
11550
3868
8423
2463
33467
8323
3153
19291
9884
16256
6107
10595
4576
17362
32252
4526
26308
31723
5778
2661
1398
2346
6540
3318
4462
10774
5357
2487
1643
9852
10243
29236
9468
9107
8957
978
13892
13332
9006
4343
10728
6816
124
9742
6820
2379
6002
1276
2336
1985
6153
3882
4142
2608
3184
93
1433
2246
11536
8684
3859
7899
1472
444
3794
6551
8685
17909
14231
10293
5730
24303
13797
16467
1472
2514
6626
4219
16380
452
1893
16694
1582
12328
30112
10619
2860
1367
3401
24025
1483
27134
16835
3362
16531
2071
12612
1320
23089
20340
4373
6577
13528
6515
4012
11245
8155
23537
13718
5516
2385
46990
6013
43866
9132
13838
5488
3735
4241
2070
7003
5310
1297
6374
8005
2934
298
14972
13066
2333
6610
6284
391
2495
41967
6501
6377
18416
1131
11834
8005
11987
3212
3932
4422
5625
6771
6902
2333
701
1845
21135
1068
4345
1940
5514
16209
579
538
320
1144
11479
9317
8019
2243
3217
2157
14057
29389
4976
6336
5360
16859
5907
8311
15436
11550
9642
15363
19394
3044
13096
8560
9887
23592
9256
1831
8390
10386
8983
3642
5845
12038
18969
3346
4182
867
11643
4526
15296
3616
1998
5930
6662
5267
5394
15388
7010
13774
8153
5617
13058
2108
5370
2617
37610
3292
11442
3952
4827
24296
13425
523
5754
3432
3177
8978
4843
492
1192
5485
26589
6974
4125
6318
806
2768
2519
12539
218
8329
10030
421
3856
11868
3231
10076
13666
9915
20172
611
9216
9623
3273
10234
3124
6796
3633
565
6107
1139
19296
17509
17047
2421
1097
27068
3892
2413
5368
30673
16763
22065
7677
7443
2362
47104
1509
8367
5432
5782
8089
15141
18062
22944
39362
16817
10489
25611
24516
7734
6789
25193
1003
1428
50633
2209
421
4939
619
17334
8326
1011
7509
17265
12292
7101
2304
11648
4177
19166
5693
16747
28680
143
2769
4370
5193
648
15449
16265
16267
1077
10704
20347
12520
14535
2032
902
462
51891
3053
4033
45803
1147
9590
1265
11408
20474
8296
21893
6916
693
5168
2565
4212
4699
1110
1365
1740
9311
8361
159
8805
6824
16324
62
20154
4211
3502
2822
9160
7197
1675
6517
12152
2768
15087
16254
11244
275
19937
10360
7338
4664
13424
25215
14460
1129
971
2330
109
3356
765
6625
299
16948
16860
3226
2410
14148
5521
17188
8084
12151
5919
4966
3309
5557
1378
46114
9160
42398
5380
5957
12846
23804
5376
4105
12990
21198
1001
14130
1743
2319
5719
21402
53
8545
6409
18955
7040
5239
419
5439
794
4285
6530
14810
12026
13420
868
11867
30145
4831
16638
3592
62181
1421
459
1414
11976
4261
16083
6062
8004
788
17553
7646
2806
18901
16643
714
27006
22087
1358
1555
3575
7204
401
14690
13897
4909
1723
11802
1141
21089
22692
3978
18464
637
1260
7864
17803
1616
4739
6231
12458
2570
24848
11179
16473
1611
8093
40181
20452
4481
573
9232
3308
4459
1
846
870
9655
2167
3963
12616
3830
17725
5533
2777
15314
17186
706
6828
22985
2229
2005
7667
1232
1365
45038
1467
39632
21565
1599
10313
1499
10980
9084
14442
5580
9169
8659
2609
6109
5223
15756
1405
37445
91
6721
21076
25802
6440
14968
5370
1082
14542
3629
27260
871
5168
6853
6798
3929
7344
5434
1535
12674
3205
3218
9915
16816
8112
967
64464
9052
753
4464
8848
1379
10335
18179
8058
2732
9988
4803
8402
1192
5012
6329
6063
1262
3063
2077
4082
38803
1990
7987
13938
2871
32557
9041
15978
260
1549
1788
18310
4505
9800
3649
5558
3887
33487
8732
15540
15336
524
6403
14549
12997
10366
2948
4181
10607
2277
4585
9264
6649
3238
5391
3889
12026
3834
25770
2243
1010
1358
14429
28061
6579
9442
6099
13966
8164
17000
3162
15789
990
1028
29988
11569
2361
9496
4044
857
7986
1458
21579
193
1078
3167
26155
4312
1802
6149
108
3842
17491
4502
21436
3004
13140
10898
4776
9476
7826
9703
1305
2155
5697
23508
33550
1938
12738
10991
12519
3652
2918
6970
7585
13231
13476
3017
12770
14603
15
1922
14184
11119
12139
2186
3017
7713
23280
28683
4208
49407
24694
12121
9870
5891
15513
17084
17565
3707
10048
5096
3878
13808
26111
6109
262
1711
12785
5949
582
10712
51422
4691
2381
29437
9504
14895
9859
33965
14976
299
789
7010
956
3053
1457
16670
5891
6521
14367
1785
30576
12834
410
7361
1702
7420
7874
7924
64277
41934
2054
4111
10248
2355
13038
1174
21761
56
459
791
395
8306
3694
35895
29852
9013
10706
7892
18166
38273
2376
17957
4885
15409
652
1622
2577
11566
222
35579
11842
17370
33872
3014
252
7575
7035
10264
7693
7347
28622
3927
21402
6206
2700
5218
4411
950
9968
2594
13022
1055
28995
37263
6944
4163
564
1952
5488
7445
20271
40485
1098
6863
2827
22075
10447
12340
14372
8524
590
9016
13541
24624
5493
3058
17975
13626
16471
9039
16887
15689
3737
14721
7436
20111
4025
3914
1482
8647
9994
33677
12152
2162
17878
6598
630
371
11830
6078
2
8353
13603
5543
22541
1754
11580
1253
11354
11589
21683
1549
5822
7981
11140
53693
2867
1980
758
10576
4448
2729
28412
49750
4579
3684
11159
11188
22859
3966
24442
6229
10066
7014
2954
13009
11358
1155
4702
7934
4233
1883
4629
3414
6424
11988
7790
3321
20109
34356
5050
13638
5508
18194
8848
8021
14685
2024
7533
921
20011
5393
9744
16235
8834
8156
21085
3454
13254
16015
2284
5959
5084
1946
7664
9420
8357
5075
17274
8281
9043
15848
13906
918
14344
1460
2021
19632
22436
29320
8829
91067
15947
1771
9749
1445
2148
3184
1499
10934
3950
42794
14547
2924
6866
3265
5178
10573
1390
1589
1592
5705
17230
12231
1787
9381
5024
14372
12338
37207
30192
19612
2039
32583
619
17876
3239
3373
838
15752
6284
4850
990
24624
7114
7542
25294
16076
11093
3253
11181
7385
55564
25248
5556
2607
8067
10619
4537
3685
13017
4865
1690
1387
4420
10120
22768
894
20233
11099
6784
17287
19935
786
758
16724
15643
20441
1137
3761
7370
1731
5449
25142
17902
4358
3343
23143
2132
21446
3467
5017
3297
5622
1069
37369
5762
23452
4505
22852
1441
12102
487
12028
15472
1636
10001
19196
2172
2815
25136
35702
28148
5078
2733
3301
1048
854
234
2087
3569
2045
5443
4092
198
32
4538
12272
7932
10446
12664
45827
13380
9425
17595
13466
4615
16844
30
4804
300
1215
12948
9501
15385
5160
22333
3942
1062
18801
26179
5230
7853
30790
45
28209
1274
16015
4912
3648
7394
323
15206
2784
25551
1090
5140
19715
37318
7336
708
43891
8900
4952
4123
17800
5241
9238
1746
2440
10746
4043
6962
4699
3937
34939
9040
9904
505
820
161
20539
11874
16743
27563
33456
1918
13654
1936
3450
4989
1699
9586
16926
5553
1436
15650
15260
18268
26554
1616
5021
6591
11216
6486
5830
2004
14810
7443
8540
5037
8552
1267
9016
530
20821
9631
8621
9519
8280
7718
2897
16037
7017
5800
4726
8111
401
4762
969
1265
29244
802
4477
8171
17309
3445
928
467
754
11488
4598
6427
2976
9299
343
2204
218
17659
10060
2109
7971
34011
364
25238
802
16020
7651
6134
3960
3049
21755
26546
5646
13207
14155
7649
3851
14139
421
498
5523
1000
2353
2598
16032
1463
3095
3200
33934
9797
4377
12535
1230
5648
2091
402
12132
17014
7639
10286
16716
26249
9150
35521
17949
3477
1839
28334
13162
4725
9129
548
7327
29185
1508
752
727
16874
7682
1503
1570
5532
1838
1
7502
8224
7169
725
4619
14790
16019
866
25627
29953
309
6073
2973
11468
19842
12589
4531
11720
4744
7130
138
5266
16171
15266
19617
1039
1890
2961
2299
10865
4178
12020
22231
6800
9505
4118
1259
33016
1640
6942
15103
33675
32728
7557
28878
6478
4789
15693
4734
14628
19651
13774
6676
7378
695
15902
822
17094
2479
434
5379
4963
5214
18864
10765
2459
5458
18766
11162
4931
713
15163
7015
4591
34209
15959
16749
9752
24865
8011
8107
2427
3181
15422
3988
36348
8169
19833
5670
7978
2459
12206
2707
4103
28154
16271
14913
7912
2686
26268
25479
11886
1907
9138
33732
1822
12812
20893
5165
2530
24811
991
8168
26066
786
2654
16518
1557
25246
7153
16901
5530
24310
464
9474
18632
327
13467
4116
2755
2824
8364
3446
16270
507
9207
27321
22242
1819
29692
11094
2050
9334
23704
11057
12925
18599
398
8554
1931
19994
15092
11674
4112
2834
4715
6119
3107
7068
2875
4418
16446
21509
12121
9772
2502
603
835
826
1888
1514
53028
22250
3112
2613
580
28681
4893
10034
7055
31431
7844
13237
1569
16982
28338
573
27451
1369
10135
80
57
5703
207
5899
27118
14381
19962
36043
5187
56481
7488
20977
1235
13794
23698
2595
3345
569
10614
16691
54345
28838
969
16347
4018
15753
21487
2908
33789
2721
3645
7033
30193
210
7729
11560
17625
3727
487
129
33528
10518
13985
1316
394
1179
28947
22721
10372
7590
20869
1716
8565
625
3109
1564
3650
464
6384
2702
2591
5190
41467
21249
19749
36528
17722
11253
6090
8997
2374
23858
28147
18154
96
6207
16904
26697
9095
7871
16461
2326
4804
5713
29180
48100
10483
23409
1086
22843
3379
2143
1594
2590
13214
235
8888
1064
21755
2168
1317
8390
737
10793
502
9434
6994
420
40740
6744
12215
2460
4689
1848
271
8468
4104
6476
11594
11428
5103
5106
4673
19991
12005
446
938
5700
2189
8082
1463
1525
882
27139
7934
17422
30405
14181
2066
9212
6603
14392
2326
10382
18021
2303
7996
15968
13786
1644
39184
2510
3390
5710
16067
7436
25757
13316
8743
12249
4494
10345
14197
2138
12116
16201
16343
22477
20441
16976
5027
14596
1237
38712
2983
2328
6346
29607
28013
17874
17901
6875
1128
342
18878
7628
11808
8036
5397
5237
8516
13302
11323
24485
3066
2689
1431
1341
2010
53
18816
2516
4085
10840
628
4222
17563
11426
2495
1155
10434
5419
3453
734
3722
292
5398
2357
6060
12359
11330
3691
5532
2214
7671
6570
2025
13578
24935
2172
41556
2940
133
12322
30555
4419
15274
6966
5723
8414
6224
6549
8774
31880
330
2573
19329
1192
1939
17430
14483
3382
20438
7428
3320
8890
1003
4240
34638
30868
18331
5962
22609
636
45687
3548
2624
2058
4961
1322
2131
1751
3319
5307
1141
2636
2917
5681
35247
4677
4078
10266
33176
8437
2807
12776
9422
1122
6478
309
20728
3098
25567
628
1076
2476
943
8803
2692
11419
18919
8357
2531
13880
19571
17341
2554
1173
13884
3114
1239
18361
33214
38904
4113
1283
24443
40981
8272
17546
3244
7793
8210
23253
21720
11601
900
11525
28691
13460
8404
1846
1387
2385
2744
29255
11091
26704
5241
6735
6107
9118
1304
1373
2250
10519
1571
6858
3086
5417
2671
7289
743
1532
4405
22429
20639
13409
5150
13141
14649
16460
623
2489
3559
7103
10544
7857
4628
15609
8230
9500
3880
17976
1692
3451
6186
1750
1296
4682
7160
13566
2488
3890
18107
1727
38243
398
2043
1774
10049
14120
846
783
11836
12509
7545
451
3076
5963
5046
5175
6329
2996
6211
295
12173
26817
5995
6805
22571
1760
16327
5384
23954
5117
234
1935
8461
13387
7751
5029
13713
8400
7179
13928
18262
280
4713
5850
6035
5270
2307
4780
12644
11456
96
1354
30529
31601
2955
16251
41533
14333
9267
14537
4220
17079
1739
16760
1619
3094
30018
6155
4829
17085
2031
17030
5340
14804
6392
1178
2546
3904
4482
1332
2860
24564
4660
7664
4503
3661
72
10647
1535
9904
2329
18961
6792
544
14039
31840
3496
19683
7473
7282
4999
13454
6077
4555
4167
12652
2656
4440
2578
5590
2257
8609
7569
4486
2594
2356
322
34343
17324
18643
1898
3865
5555
3678
10277
7412
231
3875
28608
19025
9747
13004
8316
4984
2991
23498
1785
15731
2514
5467
8799
1497
5161
13655
18992
7413
20866
4961
8189
8135
537
4438
4368
1859
7757
326
12322
19575
6827
6207
9540
2377
16717
7485
1231
2850
2816
13705
16944
9124
1029
13852
4649
2635
8141
9081
13528
33122
7406
6055
1497
15800
4879
7557
135
362
2186
8607
1172
22532
5012
6927
14706
3487
27192
2331
8931
4722
5044
5297
503
17051
19260
386
18960
1781
28517
4467
23242
18493
12924
11514
21294
31260
6733
3788
2003
16250
58863
349
12134
3812
15152
1985
25336
2322
731
4569
9379
16734
3038
5566
3519
2057
24692
11424
5044
4861
708
59519
24273
9225
2241
2425
8329
3070
1003
15618
1529
8006
9003
12850
11946
13128
2224
21148
25994
80894
4894
14380
20522
18
945
11594
13408
34749
25691
6171
101
18246
9788
34676
1437
524
943
4681
5618
17987
3843
9610
11844
10348
28268
30976
879
7352
975
14205
4596
1217
1740
16198
7717
6103
638
9929
7735
35087
16380
28378
13461
8308
2634
4068
5865
6593
9416
6728
25191
5584
20120
25430
7998
1573
3135
7185
4944
1244
2066
5251
3301
5399
2691
10414
14445
1995
5911
5780
512
2067
13252
9177
15266
4512
395
9145
14192
2722
1904
5498
840
3972
192
4047
7288
7653
7774
8040
2047
3836
11466
9658
12090
19067
20590
6203
6599
41875
3586
3687
3115
266
22837
19075
15238
8607
11947
16412
250
7745
35059
5858
1546
4213
6979
3399
17109
2110
1760
5961
4432
2905
5238
1507
3557
11175
1526
42393
5978
1464
45
20758
8436
39029
1654
32525
991
6849
3237
43855
10445
13232
13595
15678
16153
11872
14312
10213
6900
3482
11508
103
1546
3659
32693
5584
771
6855
12175
7507
2418
6464
29469
3305
2007
4714
10874
3514
11562
385
2046
37538
1405
7995
3908
5255
3788
21884
2604
6438
41185
12931
551
4015
13610
2423
4015
1310
20916
12784
18706
9039
9091
7226
2577
8532
20570
5160
456
22090
7081
19135
16316
12123
27661
2332
5360
8610
16184
7145
4173
7040
11122
2206
1595
15908
3339
5112
153
7596
4186
1500
1031
31716
419
15326
18111
711
734
1090
2270
4609
12712
4367
10392
14191
3352
2629
5252
937
4524
4159
16469
5771
15707
8175
1150
1265
8606
11462
1038
3979
20139
24862
24688
5131
359
3860
13311
4217
3948
5801
1871
7818
3138
5675
4510
1785
15119
10674
3925
4477
2107
1582
4920
11559
11136
1986
24826
32909
12714
2258
2420
683
951
18864
180
6869
3536
14497
26639
8792
14540
1968
3482
381
12362
24474
2322
4499
18797
5312
4672
1906
8497
23209
5287
4486
6813
13775
28771
1206
18639
16220
1977
5826
36902
3362
12827
2690
3049
6577
12385
2780
13405
6063
2969
29054
24216
24232
10447
32235
10484
18451
1818
4490
23029
708
6286
10382
11337
8805
2622
19031
12247
7354
1970
6492
5312
1342
1896
16275
2034
3904
2727
7199
22879
27779
7182
29190
22301
9471
18370
2762
41178
39361
5042
1490
19412
1384
1279
2072
6868
1731
2691
3086
9460
2774
2519
12957
29487
4586
10593
1895
14364
8655
13381
20141
875
25448
13791
11633
52510
8099
16433
840
9572
2307
9755
20497
2242
374
8743
3488
2794
1753
9383
1212
3499
12717
10748
12567
5817
2380
5112
24757
9059
9565
1830
5859
812
11629
16190
15625
24127
5886
9688
8286
15534
8232
6460
23178
9318
8337
6325
3397
2214
5726
13113
682
15901
22351
962
228
